164 886
9140784 1151386 1232911 8535115 9606931 5268343 9580392 429974 8715799 8088232 6812979 5088 4710955 6220338 7429069 8333948 3486079 5213738 1787141 6998374 9766092 6611818 2738231 173613 5318523 9685939 9306074 9861920 3691192 9459267 2396349 5174587 8450616 9225566 3582055 5931567 1137749 8839193 9632224 8900820 3191419 4038799 9524105 5337302 7223041 297612 6137502 7772924 5840848 9669061 469743 5765865 5117517 9132077 3840267 8060150 3859277 9601442 93204 7623825 7667849 833112 7984390 7780543 4765500 7689398 7962627 389619 4785882 611579 119545 3845184 9197566 1055063 1860071 4808748 2026823 5222451 693672 3850629 5581421 6140621 3802180 9996744 4964133 8866728 9361985 8036202 6239223 5190302 6471442 8875183 7414232 4610173 562765 8319479 5043954 6989140 3230274 1937750 7464496 7595478 506454 3037638 6632439 6177446 5895230 4047766 4894676 9227959 9842131 6768849 4368819 6482505 7447314 5124722 889030 3359644 2242011 9544459 1897548 3945964 1149109 8998208 4949631 6325599 4194226 7580674 5447273 4156378 8807902 639639 8341584 2696359 9582855 4966343 2692391 9407173 9275858 6088979 973300 4341408 2115091 293470 9052776 6829046 6189783 1413425 7338560 5060008 3627230 7003797 5452480 4727103 7132571 8333659 9707542 5116399 2480193 5936784 3180289 3439058 6545465 2047265
119 133 4674318
138 162 9860274
87 146 5259194
46 96 5906994
32 32 6304501
38 69 6410035
155 161 8672848
57 70 196329
44 139 8053445
78 133 7308313
24 57 4340703
107 126 6218552
115 159 3409245
101 112 6032941
107 126 1479176
127 143 2448900
5 45 1170724
116 154 3060149
97 115 5359408
106 153 959263
75 150 8328533
49 63 598531
32 126 2660116
57 127 4199790
124 160 2307588
160 163 9974222
44 127 2360334
73 120 6894438
124 145 7918076
78 106 2778838
132 137 6262744
108 128 9925163
128 143 7758312
32 77 7050632
129 144 9565144
140 153 3718801
19 119 2102821
139 163 8415780
114 159 9456649
80 98 1166516
102 117 6511742
3 163 9524617
76 162 113711
35 109 4245904
14 120 7660273
72 110 5358532
48 56 6224038
51 142 9878135
11 130 6486842
96 142 7610406
43 115 8172998
48 89 5972654
67 158 7168313
65 94 5385626
124 134 3511439
119 157 4647769
39 87 992743
120 155 3649321
135 162 1645330
38 52 9140870
151 156 176445
52 73 3351764
76 116 9124672
25 134 8067577
71 120 6686617
159 163 4925640
91 162 7124619
102 107 4086594
49 100 2795647
133 162 7288681
34 62 7861141
9 160 2307570
108 113 3579572
6 85 301598
143 146 5742286
50 142 8942954
68 145 173174
62 116 954643
133 139 5410732
58 105 8542254
11 33 82586
138 154 7463054
164 164 6613671
61 108 8036648
50 96 2367238
42 130 6324319
20 74 2879449
71 117 5843596
87 106 1042892
155 157 9092553
7 101 8760488
77 142 542158
5 129 3736322
59 124 6940709
26 42 6517570
132 150 3431553
29 32 2032072
29 154 3200183
102 149 3212444
50 139 9448021
46 60 5756514
150 155 3602098
37 129 4716608
94 124 3712792
133 146 323459
103 134 3188854
26 80 873428
79 114 2479888
138 147 2949236
5 162 5675145
131 134 4817612
51 150 9645534
54 117 1717411
1 64 2129976
164 164 3562285
162 162 2546350
91 118 2759393
134 164 7371652
40 62 7234820
129 137 9359257
55 145 835701
3 24 2575524
141 163 333534
21 31 9512226
164 164 3812226
106 110 6164481
32 80 5260630
108 159 7297227
39 81 9644282
37 149 7187041
107 151 925556
44 48 2971392
157 163 9460948
138 153 7840655
93 111 9355927
1 56 3331397
24 155 3306078
72 102 9524034
21 103 8429017
43 154 634508
19 40 7892662
76 155 9301603
14 54 4874121
68 128 9073205
12 107 9587624
41 52 8097514
57 69 9630393
5 69 4796575
19 160 4666216
112 145 4885735
141 160 2629180
115 140 7282073
70 137 7660863
25 160 2609638
145 149 4147785
86 103 9884423
3 104 764924
64 68 8680182
15 98 9126679
126 158 7470720
107 127 8797522
30 121 7308460
136 156 7450266
138 141 7090968
97 145 8518169
21 21 1716420
163 163 7344275
16 139 5124103
110 145 3111471
48 79 7564629
37 150 8442580
2 23 6154234
129 129 9180151
51 130 1301483
83 128 7721613
77 158 6728838
71 77 1395995
37 116 8597307
54 120 5001605
144 156 233796
156 157 2274278
142 149 9018573
143 159 8882146
75 75 7580220
81 155 3252792
34 34 6342869
151 156 2286148
37 116 6206687
8 83 259239
68 136 8331265
71 98 6139778
140 144 5661058
28 90 7397650
15 157 5479184
56 119 2617051
4 62 5059199
120 130 6103555
99 123 5533924
129 163 7727562
41 154 1992347
12 22 7283350
54 69 1727555
21 26 9869198
42 85 1503245
87 101 9182453
20 101 4668052
53 107 9029811
85 90 7730660
114 159 7547407
58 98 3751004
75 130 7158279
127 149 2303052
127 130 5724505
98 152 6754024
82 83 7692146
64 147 2667009
66 112 5989701
2 112 9935871
104 163 508732
37 116 1483534
147 157 3829291
120 120 7316062
125 157 9888052
132 139 636295
149 163 7301042
127 157 892785
16 148 1362364
29 53 2805196
127 129 4995938
47 83 5785151
146 158 4357969
43 141 9888119
93 120 9923487
150 155 4546242
61 66 3215569
143 159 1059216
99 128 6937072
109 111 8737826
128 140 469098
52 111 8188360
114 144 5994468
128 140 3553683
69 80 5859152
26 156 2420519
145 159 3488029
100 114 8714427
41 66 6515294
87 104 2845668
14 18 2830357
5 88 2177813
14 117 5704225
22 41 3986284
79 148 3780618
150 160 6327068
89 94 6982728
16 128 5551123
161 162 5596134
76 104 2737635
59 91 1573384
59 78 2731410
151 161 8378573
17 59 2392047
21 120 886434
20 28 1693543
4 131 3639248
103 140 2321806
133 158 859538
18 34 9688683
51 99 9986746
56 127 8102174
15 153 7748809
115 125 3760576
20 47 873132
62 115 8095770
137 159 6564374
94 116 2358016
150 150 7631260
95 140 1303720
85 143 5860047
44 88 7916479
108 163 3129108
156 159 8374548
49 61 5392114
14 91 7145846
37 138 7138758
89 157 7097317
47 51 8501824
32 101 3133715
115 129 3213547
49 143 3533896
25 106 7479269
137 140 6780657
95 157 7941008
71 110 7944368
23 65 8805761
5 35 6213346
107 143 1192122
138 158 7828574
55 135 4666959
19 132 9559051
146 154 9379763
86 134 719601
49 139 7617543
34 135 5294494
20 161 1931978
156 159 574745
154 164 8580969
64 147 7211666
27 132 6736297
73 78 8683899
47 143 8545220
100 105 7772006
31 160 9532830
155 155 6424074
117 134 2588953
19 121 6415385
129 148 5523261
12 114 4685395
13 138 3047161
104 113 9750990
129 139 7304278
108 133 4306349
88 130 3358929
79 100 7401341
34 148 9464306
99 160 1488706
135 140 8147384
113 142 3134948
148 158 6814512
149 152 5023886
4 141 2926966
144 146 7010118
22 131 4522349
140 140 5013376
123 150 6382962
74 136 7236341
159 160 4571379
129 145 5932315
45 69 36420
120 121 5091297
118 151 7353363
40 156 1537124
133 157 6484651
43 110 5741853
94 115 8907705
145 153 5122249
62 83 1515402
80 129 791745
9 157 8125507
125 138 9427352
91 120 3946299
19 54 5790503
135 140 27227
47 130 7127451
62 68 8704288
69 124 8214413
19 47 8941294
9 22 565851
84 127 6993289
89 155 4343688
137 149 4337317
113 152 5017399
160 161 1017247
130 146 7799350
41 60 1469900
19 59 2443068
17 42 6220468
21 22 2049877
124 156 248931
60 88 7171793
50 147 7191496
1 36 9513839
9 159 9694076
155 159 5267024
7 133 8975651
24 34 2624752
19 68 4156983
157 162 2550062
64 96 6512333
147 157 5482926
20 110 4359854
82 87 5240191
132 132 6632630
26 53 3717478
101 149 9136667
105 140 2035877
151 160 8884566
105 129 308218
11 150 5234633
13 112 9891753
89 98 3664474
137 147 8890389
29 134 6552460
19 70 7579101
39 152 8528468
141 163 8656512
142 150 4679921
29 112 748984
70 108 4885121
69 123 5101981
23 122 3608810
66 114 6953416
7 20 5379193
16 62 7721085
49 83 8078883
119 141 8872610
115 133 9017151
161 162 2040287
90 112 3807134
144 144 1007828
146 154 1461271
16 110 464303
131 143 361394
12 116 7278592
77 102 1444865
156 159 2049883
60 143 8398312
128 132 8783306
104 148 2147977
83 98 6409531
43 124 3438388
102 112 4013270
139 151 178841
109 121 5940634
159 164 7677808
101 132 7179021
105 149 4762137
122 124 2159383
75 138 1687345
136 144 7058983
101 163 5867761
157 161 5749296
115 128 289874
44 144 2258414
157 157 3712322
2 34 4273894
77 81 537953
27 27 4183776
5 149 2184877
99 161 1266972
23 59 4822288
133 136 5922163
121 149 4624672
123 141 7145987
70 151 1513075
134 139 8405188
19 128 6386979
132 142 6118487
28 61 733822
23 59 3462744
75 141 3425384
130 155 2256371
81 163 8945297
93 104 3010175
74 129 569556
98 152 1971266
51 61 4984524
163 164 2904407
47 68 3751426
69 115 3693762
74 127 9400199
99 148 9046265
66 91 9989346
36 88 9279147
74 120 4094470
135 137 2087177
21 154 6318849
125 163 2903281
44 150 9996806
79 121 1914775
117 139 9343551
101 124 3099866
70 126 9900913
143 150 1281793
123 140 8418388
134 148 3617284
34 117 6762890
14 55 9304504
82 129 9356745
29 88 6100611
139 157 2023515
104 151 5504360
73 103 2791191
111 160 2154146
58 116 1888032
151 162 2034794
55 162 2432550
159 162 6203492
96 112 2388998
91 140 5689715
49 159 4162221
12 35 7768981
20 49 149060
38 143 7525776
54 68 4702973
87 144 8046867
94 157 2073667
102 112 480519
162 162 8432691
130 162 8945583
50 95 2131961
124 163 5063586
51 85 5184515
107 125 9037983
146 159 1639765
118 156 8657569
134 151 9978811
156 158 2699383
62 117 2017049
75 77 4993004
67 161 9361865
1 121 9472785
161 161 6152565
49 79 9211206
95 127 6546768
119 131 9228344
80 90 9766657
22 129 9008693
1 149 4589326
71 152 8728790
116 162 6042936
162 162 739821
15 17 3626680
32 121 9811304
137 151 4683925
52 149 7012104
53 97 9711454
94 105 5975497
72 109 9506365
2 27 9852395
143 146 8005095
17 71 464705
41 96 7217985
147 159 949499
55 96 3949934
88 160 866604
98 105 2755623
37 149 2994815
44 95 2065445
107 115 314328
105 164 3605881
100 135 5236268
129 129 778115
122 143 4910573
123 157 311281
23 53 9854087
139 161 9071607
119 128 9882138
34 125 7085507
48 92 6367731
156 158 5416692
48 77 9271576
98 154 3096225
160 161 2800182
16 79 1916156
135 162 6807303
134 136 2448125
44 163 9242815
161 163 4133764
163 164 7696994
51 58 6477530
159 161 3598566
57 131 2384011
16 161 2796524
126 157 1929674
118 128 8673489
12 153 9722753
77 128 6709091
129 140 446831
80 89 6721278
19 143 5418899
23 34 9892387
98 103 4625297
52 72 8752581
79 127 4158637
117 153 1744562
41 65 7761232
10 61 3714032
67 84 9982272
93 164 969536
29 62 9210267
158 163 5374689
125 153 1810443
107 159 5601415
107 125 4687370
36 49 7805339
85 161 4201670
15 55 2723516
43 87 9775564
134 152 7931860
30 125 2866408
1 140 5065917
10 156 5671711
52 71 6741449
57 117 4207903
69 122 8580574
75 112 2864941
140 149 5062244
38 127 6939032
14 139 5232730
157 161 3246136
95 154 8260550
45 136 9651535
32 99 5853964
159 163 1972130
61 96 6212891
161 164 1305480
18 53 216893
63 94 6414538
38 87 3178714
127 155 7921014
148 156 5263501
152 159 688640
84 117 3232685
146 159 4120663
24 109 7677201
147 151 3317123
163 164 9368995
59 160 2549432
34 86 2268577
92 127 485575
72 134 2737421
134 161 4417811
38 57 3077970
35 75 7079524
52 52 178735
36 82 8546619
149 151 8757243
84 113 6392330
141 158 4062430
34 84 8167592
151 163 3950757
79 151 8374918
34 58 1025184
6 88 7313832
156 156 2876450
92 158 6779490
112 144 8361639
45 48 6470410
113 120 1365009
105 153 7633997
57 115 19384
92 158 1944142
142 163 2699721
151 157 3181166
5 46 1157341
26 95 9046333
24 65 2780406
104 150 3193110
63 141 6847157
79 130 6668206
77 137 8167304
67 138 1757805
78 95 5400734
160 164 1122882
11 150 4796442
44 92 5292750
127 145 1915010
103 116 5925190
125 163 4858550
3 60 8245841
135 157 7138539
34 109 7680507
113 162 1729265
101 136 385597
100 108 9968140
49 148 6423004
129 163 7882490
70 89 6814711
55 59 8366156
130 140 1996109
107 160 5074935
103 153 4518858
20 59 9861342
125 137 6650284
34 114 5118448
150 157 413220
27 75 8383714
78 137 8229883
42 114 5008865
26 102 1221648
26 26 906021
160 161 3020745
160 162 9921069
54 162 3534173
101 138 9665595
108 142 6269410
109 143 5116324
157 161 4344741
77 135 5868574
86 94 7700892
38 136 5767042
72 121 537227
21 147 826644
83 110 7279017
90 91 4438987
87 129 6469059
153 156 6979168
46 133 242102
36 90 9661249
15 34 4001031
52 99 7427606
30 136 2340533
7 76 1653911
1 64 7940401
67 163 3053398
29 110 7021679
81 105 8824309
101 164 6589984
120 152 4819686
87 152 4455366
136 159 2544746
109 117 3639694
93 149 6830084
129 136 7990979
84 114 3545337
53 147 1185039
8 94 9193376
93 98 873295
140 150 4470903
10 32 533696
101 124 4515295
69 137 148308
76 130 9826566
85 123 492453
144 159 6403356
98 164 9126848
137 142 9849015
20 117 6115120
67 84 805345
91 115 4778895
28 156 7734838
14 152 6215359
101 107 1152492
8 85 2207895
108 114 5843105
149 155 683861
29 50 9921226
161 161 6999734
104 134 3153749
71 72 7803062
13 66 232866
43 108 3189799
34 78 3892149
135 142 522667
121 163 4402711
116 123 1398880
103 159 8744340
2 14 5093361
44 126 1549571
131 138 7592961
119 142 1031994
95 129 7346920
82 143 9411262
136 143 2884320
79 144 9720113
95 142 5174512
36 137 643584
105 123 1236989
73 140 3227933
85 122 7670397
120 146 9273087
65 82 8962202
31 33 680556
6 62 780663
66 86 8686077
89 122 5922027
12 25 9220962
129 130 5894488
84 119 4303521
131 154 7446040
44 120 5397791
68 96 4520736
57 68 8044071
80 164 3531207
121 128 9835648
13 26 4923742
154 156 9318573
112 144 7357889
143 158 1412105
44 94 194721
36 123 1503785
80 155 293213
56 141 4593223
65 71 9840335
61 111 3264618
51 164 4545739
68 152 101663
108 158 2519954
78 121 4316939
146 157 2297188
70 156 5982938
100 110 7398283
24 88 6554180
54 163 8380067
29 30 909553
126 147 7489819
61 100 9913841
153 154 9091432
149 164 1767689
141 161 7443556
140 142 3412988
99 147 4170987
106 152 9384577
108 130 3084890
142 155 1519652
124 133 135750
26 163 6736118
142 153 4982609
121 127 8021622
37 145 8005174
40 73 497420
14 24 975643
98 117 1254794
84 87 7075921
112 122 138219
32 79 8091964
83 130 9133349
116 162 7127858
134 151 4930332
109 158 4053083
104 121 9062220
9 60 6556263
126 164 3771864
143 164 7227922
107 109 3425855
90 145 2008698
48 122 3368549
29 115 4810622
126 130 8669154
33 164 3837255
31 86 1158785
4 106 6437932
160 161 447669
34 124 6028168
36 117 6357180
154 161 6732116
20 84 1915982
41 141 3543100
88 112 1084776
162 164 1219663
135 160 9259343
139 139 286890
45 67 2341646
52 80 9963468
56 60 8022606
123 142 3237191
149 158 1710887
164 164 2475201
81 139 5120026
73 148 6112847
13 59 5776138
160 163 4263425
110 113 5954961
31 161 4602955
13 63 3721131
61 97 9839499
1 18 3131154
160 163 3314878
57 157 7229774
38 96 4513635
51 141 7164387
99 142 2344135
108 142 1004515
130 158 5163853
44 54 5125066
133 136 749140
8 149 7940745
60 117 3628344
75 149 1506695
103 117 9368822
103 160 741017
96 122 9251972
164 164 5083073
116 131 8275830
54 123 8271847
111 111 4387060
43 70 7455192
146 156 4722759
147 149 6994337
22 138 2021992
35 75 704684
104 151 9196633
164 164 9707778
157 159 997984
25 94 4912839
