640 840
2794726 2884347 3391561 68513 2020406 2832919 5425687 9928118 1862294 5507242 5499909 1169487 5454051 5199744 8574418 3674660 7118270 4807566 8369585 8819507 4836572 1261197 2119457 5772523 7269595 1744033 7588053 1195710 2531497 8269682 9869051 6575593 8767444 6953857 8689616 6177241 9230241 3038806 9110188 9016387 2425663 114220 5396121 4541577 9026404 6419378 9143257 8958432 6277213 5424582 113530 5031150 5999715 3257149 6160382 766802 559287 7055440 3672511 1914855 2025911 71040 4806480 4819086 4943810 3546035 5344885 3519949 9540196 3698696 8411284 2993497 3779658 3384672 7000951 7111761 8994017 7887449 6225378 9742581 7604729 4720999 2375042 3957714 352169 3757473 8910865 3260187 2834144 7361017 5768784 627659 6799448 7251361 8067326 4279472 9508082 4913074 5458236 8492269 5794232 1412743 7482120 7540177 1521197 1984777 7414695 308087 4217907 4167878 3274466 9303011 7128154 9742809 3953362 4018249 2569629 1284481 4034346 8781418 5176982 8406435 5906906 8145101 8172448 844393 8325064 4233576 2741779 6830384 1849796 7343544 9420171 4647779 9912874 4446361 4436535 6852271 2958275 6098458 6850143 2799262 3646201 4039745 5169064 5703156 2454988 1119210 9364724 931357 1871342 7893694 170332 646185 2301292 9994815 2073001 4451050 566901 5219513 2086705 8135343 8942258 1372077 9115941 2747640 7262047 757315 3825046 5937776 787668 907410 9418903 4590727 8577295 2442676 3574195 6548180 7424296 8377702 2211571 5955088 838665 8480249 8339279 9577138 1674724 3837385 2163789 6101728 7728334 6170192 8019304 7476825 3481116 5270066 6681508 6384375 199206 6935194 7721106 2640599 3547624 2931019 4485126 1379353 1667832 1533576 554214 6038637 6495868 4892089 5133695 8220415 3285494 7904660 5492016 4585961 4141029 2889785 3450302 4775415 9498335 5969494 500173 3787890 9510193 5321400 3245452 717065 3717089 9164517 7978337 7054786 3921805 5789871 336596 8398681 4271815 7186503 7150530 9514092 9014236 379611 9904088 7619088 9796269 4535989 7726684 9450617 8540351 9512136 9849093 60049 9526436 8666786 4975973 8219883 7506927 844166 5438427 5933895 3141402 2441662 2894287 4415963 7165380 7191346 3891916 1017136 4868527 2368623 1657259 8053031 1132568 4713800 2729857 7396161 259483 6013910 6994212 9607716 6748217 3708959 6262538 862324 7704337 3116903 517051 2871578 9119817 3607975 9807947 7483044 4208176 8096108 90197 8784659 7860575 1894534 7475790 1402248 6357253 6528907 9978329 1576808 1774945 6661713 3724402 8163548 1589130 7668375 3815088 763695 6275956 6999697 678795 2376728 9433904 6256813 4175782 6787 149639 9257508 1502604 8241857 5923450 4949288 2263786 8184748 2234005 9521086 4300107 4414901 5321902 7274666 2930195 2836044 4627142 9742763 5133275 122693 9870504 4508140 899001 2931031 6906460 350050 4510 4403179 7951992 4444204 2181938 1319025 4129479 3677580 9995631 655533 2778397 8669708 9370363 9456049 4484529 8311704 6536690 4860299 5221206 5704391 7668373 2799049 750935 7925563 3739364 3406670 6836906 2479384 110565 8350757 4513323 3742097 8668989 2143262 7916118 6269284 9207811 7900145 9507862 5025057 1485452 8553199 615603 8745333 8349721 422657 347834 5363186 874431 4024633 6059482 7214805 2553878 3548763 9116613 9882533 6909637 658444 2383709 5433267 480200 5911843 369362 5324819 9956064 4015431 2597019 9671933 5284777 4080591 534523 6072389 5206985 9170003 6355176 581107 1632655 2313810 4675845 1722434 4046955 8055465 1681797 1568899 6937804 3173473 7193596 7959324 3270850 9589866 7551405 3185547 8131992 5756884 1883307 2165471 3548375 1611138 2832922 2297440 9185347 468777 4428819 2642106 1233888 198756 9959767 4679566 8835704 2370678 8164842 4224931 3017580 2675717 6130991 9654237 2878167 6876611 7938782 1954794 3942235 9530234 9974690 3846917 7126699 5221502 9290143 6243606 7134772 7500557 4218041 743062 1757518 7416636 1628302 7203610 7379869 7141412 1655331 8724510 6697626 2833400 5735808 6065291 7257792 7052543 2747969 7104119 9582464 5716250 7211642 9546548 4300470 5818491 6177381 3446068 9965396 3645182 4304342 3060863 5618387 6785367 9550009 2036421 9571857 8000262 8846448 1244481 7286316 2879200 7582233 4111553 9092023 5952990 9321137 6751956 7498778 9789855 7966709 3468247 8657427 783710 317084 5159303 7855937 2948723 966734 5199678 2827458 5343575 4765975 1074093 118108 6936077 7773635 7318406 1424254 1483216 5116628 2519178 7266750 9273053 4121411 3003864 5155260 412061 9799764 7957861 6958130 2308258 6203300 9745052 5739744 656664 1185419 7065345 2068842 1348988 9403865 1878036 5446758 9171563 3691702 5079251 4568937 1548681 8947774 8505046 7013322 5614475 557845 9818087 4375135 4289881 4884103 7906042 1860618 2752322 7773840 3664948 3450617 6546903 3393070 9764621 294568 4243576 4577002 3099314 3889478 9810958 2102656 4852394 4762811 147773 2198274 1389514 3269225 9927148 2634575 4181575 3402193 8972271 8938717 8524797 2455845 688728 7805551 3248509 5305573 1876290 5167391 2651651 8714837 6487961 7387929 383790 6198862 244960 1516309 187433 2426492 5223862 7598867 9475864 9373796 6096937 4416058 7985260 8379509 2259748 1559329 1767472
85 445 4792113
486 532 5269630
113 375 903004
282 369 3916108
623 625 1228486
309 356 88486
638 640 8310894
287 407 1145856
99 580 9480347
129 227 9743536
231 301 9030227
563 599 6914142
250 465 711758
161 164 2455849
251 581 568842
482 551 2754537
587 596 2058609
607 615 5187431
111 457 6218691
443 485 2665534
184 489 5179976
241 382 1257725
85 455 1346715
568 634 7271172
189 640 1546101
433 494 3876809
90 164 6376780
291 566 5557409
144 174 9128528
559 580 3448394
487 617 2642003
246 599 154232
598 616 4004121
158 547 9712641
18 320 2791008
75 85 7332541
476 631 7373862
159 418 769271
560 612 7816583
115 161 448764
405 461 9179974
165 298 8042661
21 390 2157684
355 511 746826
330 567 4237085
140 272 6823803
199 630 6303114
320 383 2206936
165 444 4328135
293 389 9945095
635 636 6702529
586 621 6660853
582 629 7550262
336 571 5318338
51 499 3935631
497 625 9537123
155 412 7507679
407 439 9389188
283 452 9705656
46 249 6632344
168 183 6034395
614 635 6563874
119 300 5879864
540 593 5417969
431 518 7318093
543 629 2502525
200 364 5179424
74 483 7509858
39 247 4975312
394 412 7162556
263 592 3907111
255 424 2276191
545 623 3480089
122 324 7137578
264 525 7348081
523 564 9076347
476 563 3231280
549 564 6218214
48 525 7155421
273 508 7183243
632 636 5785062
394 409 5022712
12 148 7786629
592 597 4538660
482 537 7347998
171 490 4213133
535 535 6324647
97 288 7764655
244 315 5859825
601 614 7661868
115 158 2426438
68 273 6651719
410 469 6120798
635 639 9111641
187 301 5953763
274 525 9444507
117 463 7354849
226 278 5485101
501 576 4485374
597 640 8003178
328 381 4621101
592 634 6717477
582 587 3869870
480 596 3329899
496 637 4380506
99 620 9454373
288 445 4030853
240 242 3807644
385 403 9845747
262 357 8766139
191 531 5840459
378 386 3398697
196 207 9859172
143 483 2178017
495 577 4608102
464 621 4404355
349 494 5430410
469 530 6930454
485 634 2088810
563 587 4091355
573 631 8948053
252 496 6239998
158 549 5766558
251 559 1236820
173 539 522061
199 326 173500
498 577 5146906
38 185 2023632
209 431 1584338
151 434 3350912
229 568 1647619
241 492 9986499
425 494 5494382
194 270 7744503
371 555 9494403
460 574 3297730
482 538 9331972
247 629 1272740
154 232 1228238
52 209 644445
69 85 6977891
50 392 7851690
62 396 3978425
83 439 9025695
191 200 2793869
6 227 2049416
47 289 3467122
510 561 4085279
584 591 9135477
100 629 4989764
28 268 109570
529 628 570510
52 216 2609973
534 536 2628007
4 342 159042
178 612 691750
492 566 4364407
607 622 6275199
373 626 8943441
333 617 6775785
451 608 7166741
478 572 9991802
335 621 9010118
505 618 2346471
135 453 670718
160 450 9484416
591 640 7010349
518 596 2230590
353 578 3918577
403 501 190217
472 544 678526
531 588 2191059
45 359 8872901
122 480 4922340
468 609 9534189
34 259 4035302
591 606 1538540
453 505 1481650
319 622 6372040
100 132 19949
455 481 5140381
22 290 4373143
517 531 4691988
140 485 4941044
68 292 8108144
177 476 386720
375 555 4449421
480 599 7072675
594 602 5747780
269 289 8928515
192 438 7562843
209 458 8586881
539 627 7190673
415 614 3848914
118 361 7459834
113 333 808280
293 418 7418008
521 596 1407492
298 389 1255249
396 564 4186657
187 221 9338186
314 545 4325822
554 556 7388699
335 344 9603267
366 464 1330227
365 528 6613183
454 459 424323
340 449 452958
585 621 9549041
197 419 7608700
213 476 482458
545 623 9446145
475 616 4411675
516 568 2767136
427 636 7670290
369 574 4874327
289 631 2696746
240 549 1606173
149 227 6650263
180 519 9998678
313 482 8107214
300 474 879391
26 45 5995311
4 429 1605003
133 296 9771633
328 405 4345312
475 603 1584660
427 564 2290946
329 596 2405745
236 258 3662539
185 554 3302345
274 521 4056769
269 414 4325167
226 254 3120201
379 475 8600776
554 630 4646315
320 436 5028116
97 268 3872054
581 625 6866809
480 527 8047595
342 568 9982318
407 434 9620990
335 419 6396813
39 136 2057974
67 604 7432844
519 628 4351018
530 598 8161318
239 467 7593942
114 578 8810370
293 353 1967565
373 447 9342087
162 293 9941445
383 617 8627343
542 606 3458490
287 305 9427601
78 620 2646071
358 594 8428088
556 601 3453704
383 576 7839992
503 547 3412278
224 595 696962
303 409 1407243
328 357 8749490
249 279 2578133
340 636 6865023
125 483 3813298
48 224 9152515
59 627 8137571
290 343 2627722
591 628 3870006
303 626 6516312
306 342 9264674
420 432 3438877
12 614 783898
564 590 2731922
477 498 2608179
310 383 9422497
272 490 5260885
201 332 140056
257 291 6941997
43 156 9003169
115 398 7495402
324 470 9290578
606 624 6548430
478 541 4517407
21 544 1658578
516 522 3419981
116 291 9679864
250 546 9800482
362 425 91877
262 436 6363680
453 463 2971888
370 440 7012859
8 458 6572846
346 552 6986772
633 638 1061122
438 591 1752894
313 397 2261037
235 519 9270662
372 561 5399461
486 539 3900936
435 618 2444627
177 379 1432516
160 470 408201
19 161 9813425
83 503 5973844
168 271 3311233
507 601 2963592
319 406 3191413
425 452 2287837
174 637 8313905
546 565 5616577
367 610 8855188
94 144 3515506
545 614 5981133
571 572 4490863
126 146 8554954
558 631 3005729
513 558 8652419
124 447 8288730
464 591 3697462
516 602 7668800
561 638 3525062
423 514 9784998
69 132 6673134
424 484 5777175
587 607 4130444
383 531 9054905
397 571 3624389
398 619 1430821
512 564 6163078
470 609 3202574
86 304 4202692
346 599 5743835
14 171 1653641
300 613 6016765
310 629 8231204
188 527 6149498
489 545 3038781
136 323 9705345
596 612 8949899
553 613 9737003
628 629 9293039
348 360 7634832
299 623 848008
124 627 4587686
578 630 4306829
627 627 4510570
227 459 7169357
19 197 2596843
137 620 7737075
333 596 3356764
210 437 3961225
48 597 909955
6 185 9346070
467 587 7791785
333 427 4300278
87 320 1583035
390 463 1868727
423 515 5767981
562 627 1038659
493 501 3355090
271 475 6041388
409 460 1451580
187 631 2374146
433 474 873294
564 631 8712963
57 572 5274285
604 638 4338068
537 543 963209
447 492 8031426
256 355 7447729
60 296 3087991
216 241 7455929
634 635 6988650
564 621 3176643
43 485 7800811
46 388 7577105
262 389 4939694
564 618 4228177
412 587 1872091
246 341 4422975
280 367 9500771
403 408 5551785
540 568 1444797
3 292 9121979
635 640 890571
467 638 1447754
371 525 7963602
379 566 8062079
316 526 1570632
251 417 932514
184 521 52257
225 509 6157411
151 403 3750334
501 555 1342173
186 310 4885739
633 640 5812495
134 465 3243358
463 537 8952986
173 283 1617652
17 384 3153930
592 632 279332
374 395 1246586
310 489 222014
542 551 9554305
497 588 4415563
558 623 3569059
587 607 5183151
123 539 7747630
506 610 5992788
287 416 6644308
165 547 2505644
636 636 4252028
599 639 584784
512 583 4425182
40 267 6609694
612 616 4999177
227 384 8490505
570 599 8142891
397 399 4773132
476 617 7370226
195 615 6561869
448 512 8168336
59 564 1352727
52 613 5547239
522 538 6907323
316 610 7654284
222 276 5918556
596 636 9498972
358 504 446599
465 616 3835693
202 543 649209
578 619 2081866
243 594 2410572
510 518 5869287
430 494 8540372
519 601 1919375
640 640 2043514
27 624 3498259
71 182 7901832
331 496 2786569
370 563 6413452
4 32 369184
576 595 5481781
295 495 1578293
577 629 2920121
88 499 5096160
178 435 8022313
121 166 2457951
376 418 7606330
90 256 924514
273 459 4582087
221 312 8489246
479 479 6576897
394 517 5289700
228 290 6473434
573 630 8098827
29 158 3861071
351 388 946148
397 561 9371047
474 607 68884
556 567 6560521
250 262 1904194
89 393 7044345
248 476 2879763
30 276 8607898
518 545 4378708
141 563 867660
135 181 2427233
479 602 8711014
287 597 4505531
363 464 1046884
234 296 8709492
68 129 7424132
626 638 4057595
454 611 8075276
174 587 9093696
374 514 9291764
537 623 868171
426 534 7167062
323 602 3403329
478 512 231869
238 404 3423984
361 498 5822328
90 311 3023448
460 487 2330513
166 559 3417607
290 465 3159332
580 634 5195570
157 637 704633
468 529 1936335
191 323 2786082
493 625 6220088
330 539 8678735
130 583 9903655
426 434 2524820
69 604 1579342
440 523 1129417
174 436 3046776
301 529 7287192
118 326 6307605
562 602 1458257
522 570 4214101
69 200 7630383
203 459 4834283
581 611 9810718
97 291 43593
232 496 3854203
72 253 1118131
35 461 8352822
421 549 1765929
311 360 966897
473 577 9897622
638 640 1068225
268 326 3008176
64 173 1710056
365 568 1184133
277 355 5016558
467 609 6908012
463 568 4488110
42 215 5929146
638 638 4226770
270 287 2288003
382 587 6657053
107 339 3224727
392 507 4485207
106 379 131367
59 192 4324128
104 138 2648609
315 529 8696522
121 453 7402250
218 534 4986695
92 295 9762854
233 317 6585233
596 623 3871261
248 633 371843
126 172 3947147
71 72 5903888
206 338 6556970
159 428 424247
323 585 1888330
254 510 9472958
343 451 1763754
291 308 5839297
511 578 1779030
183 516 9828804
492 494 6100603
419 466 9556747
16 93 506299
185 610 2965685
7 246 241093
605 620 8805484
402 620 9936540
76 571 8707012
180 322 5574258
291 294 8786844
410 436 4336805
88 583 3906311
610 638 3307881
38 394 3997508
126 220 178688
602 617 3858791
308 415 3432641
457 552 5579626
534 602 727619
599 623 621712
415 495 635680
88 561 4222199
600 630 4689057
560 576 2372449
591 598 2606119
41 422 2971399
487 639 2691888
413 501 2056714
433 548 2141052
573 598 5758172
233 383 6081987
151 253 1780254
272 380 1672442
607 630 8361962
135 456 1402644
571 575 8081578
103 380 9446537
256 469 2017538
343 466 2880519
573 638 6535383
538 592 128401
18 366 1121634
417 488 9610009
457 636 591917
464 522 379559
364 378 5291310
550 635 7370029
55 126 9439656
437 557 7499318
255 452 9751536
589 615 8260861
98 441 3769289
92 267 721497
608 634 7632091
371 597 9945403
186 236 5740046
323 609 3017545
82 226 1014684
188 519 6778364
486 534 6334394
14 519 9635955
238 250 1678682
317 609 6246903
249 520 9030171
585 626 6926857
91 274 729507
176 362 4238965
297 399 6978319
515 583 814264
9 591 5798593
460 525 5158649
483 635 8215097
450 621 8094102
342 368 7422310
551 607 9183728
515 550 3279741
95 402 6823120
498 611 217519
505 613 2240769
48 517 7767419
34 106 6983001
368 410 3026530
183 585 4640422
398 415 4321993
448 536 279265
169 483 4488746
533 610 7574674
140 508 5911826
66 78 1393555
330 575 9872493
44 50 5208725
398 501 3832464
539 631 9852629
329 430 701537
535 565 1117390
120 259 6400537
497 530 3374948
611 630 9442590
513 632 9897714
28 335 4628869
150 346 7793171
631 639 385153
334 577 8984061
202 453 9480816
97 165 81869
262 588 3727706
136 568 9417061
594 634 7006859
267 391 6500588
221 254 7505107
44 472 3235930
583 584 4895473
52 300 4123977
205 335 1366131
397 633 2366747
239 467 1462265
467 639 5130652
339 570 3517486
112 615 3129494
179 429 7419623
152 163 6736623
487 553 7383073
311 428 8143094
300 445 9883439
47 211 3486139
553 599 4686601
229 594 3650254
385 516 8794076
418 532 2029753
155 181 4100609
287 608 7067552
447 524 1910246
244 619 3801557
112 573 1241381
430 438 498601
556 596 3622963
204 306 9509204
404 481 6307396
377 415 968961
639 640 9834598
69 406 4216491
281 472 7017376
126 239 3777617
382 392 5147357
341 542 6094316
407 621 4314675
527 575 4165780
490 592 3126420
273 438 4588658
342 639 9922605
594 611 9259756
85 247 7421295
332 519 240872
554 569 4500430
616 623 4549049
27 65 3792576
481 531 4438157
112 572 3729479
256 292 4005627
548 631 9937195
395 610 9173382
452 625 1218628
60 136 7666637
334 613 7779
539 576 303988
173 483 4835409
318 628 1030047
147 185 6244654
156 338 1982000
488 515 9280016
145 522 3400466
280 581 802917
511 596 1548441
521 639 9307542
580 636 8682784
487 563 3806706
139 326 9140998
285 419 330888
346 427 4727449
634 634 5529437
594 594 9194415
85 320 9847184
490 609 2985650
323 425 6490967
262 543 8074110
609 637 3776841
270 271 2409415
389 450 8492246
632 638 9618471
221 597 1112422
187 232 3280054
320 335 6485883
130 633 3300466
552 603 834139
558 559 1076728
58 393 4953438
595 623 3163262
620 627 2743362
389 415 5168852
222 612 3713029
52 259 9322082
92 439 8838229
606 612 7316044
399 620 3254139
176 602 5014003
273 320 4310495
203 261 4840171
609 619 4916577
580 596 8051884
568 586 8125026
54 285 2116501
633 640 3252097
264 445 2787103
418 506 1075202
119 499 6135276
471 556 4259807
590 607 1773740
341 616 291389
573 605 8560983
336 603 7401205
462 590 2542646
379 476 1747415
487 549 2935112
232 511 8888754
621 637 3959085
619 627 339090
397 506 9237119
103 601 607784
376 530 3418491
349 604 5081861
624 634 1753058
252 546 3117982
12 23 9596559
117 326 3794775
615 620 6769218
349 535 1037940
26 503 968521
322 392 2899778
570 590 3032315
123 354 3394393
175 490 6464399
616 635 20716
351 604 5975738
298 496 1621212
603 639 8043662
209 238 3058139
573 619 7789206
53 566 4330341
446 474 8109540
108 334 9718237
95 510 6496753
291 293 7538692
262 268 5414671
64 465 4668154
25 573 5468340
7 355 9421421
176 261 4458945
380 623 2529774
126 229 8613116
490 503 9250237
244 322 8627073
331 579 7163444
241 249 8304515
10 403 5042526
618 625 3740900
465 520 9102485
368 520 1879281
497 546 7423016
232 270 6392588
433 582 9593285
639 640 8081874
190 494 5023276
231 550 3248127
619 630 3176580
441 441 9086114
570 600 3462459
8 453 3167403
513 634 8381344
586 596 2828081
444 588 6483278
340 361 7483246
31 479 9185168
402 558 4951000
390 503 2883347
291 412 6742251
563 602 4047275
494 630 7799624
329 393 4973298
573 597 7188637
426 612 1999301
146 529 5582847
474 588 8800007
549 585 5273884
