563 993
5594724 2775237 6203248 3127648 7391421 4240228 9368119 9654177 5458628 4593490 2386951 6558845 5012852 31565 5093248 1573723 5824699 8008653 2187022 2507743 1021861 542912 13521 6329860 1530608 9557318 6145536 867131 9213628 8982389 353981 1607428 6010640 3212511 1601609 1658731 736121 593366 714864 8363623 9751692 3783505 3702908 8714464 175655 2011395 6022273 3559804 1706558 2705502 4896832 7982262 9724300 482800 9798724 538102 8480233 6209457 3660263 954693 4511853 8987017 2391113 6027198 2234034 5366245 9415877 7364483 6016125 4580966 7183159 410331 3218903 2323207 2693416 9341600 4645676 4203459 413296 4125343 9243935 5557859 9908232 1987806 1279388 3185303 831609 4977625 4239749 5497577 9859094 2570149 7046003 6513109 643265 7399391 9540498 5623503 2649495 2357451 85763 4871557 5278322 6542242 5349134 5248406 3749414 5200311 6451595 610353 598142 4911912 6736730 9350138 8029395 4988456 6270979 297563 5529334 3544855 7733286 6410894 5580790 3900815 7857397 4581554 3551878 257957 831300 5075935 2391490 1833327 9634686 5886366 171556 7614999 8887652 5400202 6347758 6697643 4266073 8747371 8164434 7540366 1735174 7471571 1324749 8476818 5836667 8873843 2592197 5327794 7354063 8866626 4870064 4319387 3345281 7769002 8256045 804612 4839698 3302205 6700130 3991443 2824305 5501192 1262385 9977777 9321723 8842382 5037992 4773727 1983861 7725058 7890222 107962 3135715 6614340 8699200 5559657 3134846 7728028 2713023 3610356 5006895 9288441 3659191 8692100 6561449 3953991 9006005 8804694 2241144 7403172 7196616 9304632 8775123 7022878 7001333 430940 3073178 392172 3054876 3711495 7381213 2634509 2080502 4035286 6469785 3581270 1149685 9344682 9130583 8208327 7035026 9230855 9839531 5044351 9745126 5450402 9144778 5473580 9431555 7653576 4374098 3923148 1087773 7282107 1781618 7224741 869263 990259 3896508 1008416 8495784 3348895 1590496 5914388 245298 7271623 2541849 5961888 3235662 9088356 6964238 7058751 4453248 8433508 6037354 4654589 7379941 9060554 6908214 8292141 4903950 9471110 8589438 3024958 1882341 1831081 3004482 3099113 2389155 8438997 2173572 2198641 6274471 368155 2102094 4205181 2923733 158557 4353646 1381876 1483450 1377233 7336203 9979091 7776390 1388657 3674407 7113410 3144760 5369309 1829423 4518776 7986460 975123 4935730 2550062 1515309 2703045 4013688 2352079 7858522 7708377 5527618 9062141 4122891 6015601 8130464 4158155 2181167 5419445 4895111 7655258 5687596 519963 5047747 5142749 3321327 4285295 4785930 6623519 525932 1976333 4669960 3315629 7268124 1308807 4186169 415014 2897377 3760335 9838184 6726565 5686701 8622998 1536627 9734112 1605887 4627391 4739086 3566055 2008932 9466987 7345025 8895703 7779810 7481560 1488277 3965767 712488 4670828 5628764 8940825 5140707 5953710 5941563 2257645 803175 5455149 9886036 8117328 1448838 8621944 2040494 3593617 159008 5703430 2975552 6540430 3256229 6647079 6225479 7691451 7083553 1395329 4557257 9453554 1509433 4402047 6898446 5235230 2799513 4226197 7424902 2165867 2233376 1439945 5673891 9542958 4987478 9642443 6851926 9103194 4610297 7248053 2895123 6674009 981828 1693056 6101738 570727 914438 455605 5218608 1532753 2874628 5843323 5495154 8876431 5485298 7658047 7374840 107626 1948122 451822 6510347 8514021 3345906 3808125 9502919 9855337 983049 2459645 8070556 2751556 5812711 1574465 7528533 4223248 4039839 6767877 7927033 3206868 5557357 9934352 2109536 8631590 6650019 2047840 7318280 8340063 7624211 8616702 2636104 6335719 8751026 2119157 6353395 1977770 9628776 3309650 1577782 730195 2497234 5951971 9035508 1278470 7288095 595147 2231319 2396323 6799203 8189229 8077593 9714062 6784117 4302347 7205027 5240881 5234544 8448556 6991619 6359263 3552405 4661733 8417789 3240165 8599202 9924979 4807500 2127388 6325507 2348822 4300828 9282707 9504950 8911623 1544597 8193270 1761623 9987630 2552759 806836 7427001 703281 8491177 8105396 2298953 3969641 7923230 9967964 7000208 7140086 9987089 9908657 56821 5083440 2243999 2804776 7069573 4714228 2999465 482638 8164996 7388876 7147231 2006993 6715576 3955116 4856442 83828 8724018 1992122 2457037 525366 4528761 3522658 4212962 9430613 6150523 4548549 8051718 3256122 6923196 7373801 1711037 5005540 1038905 3042636 3341281 2093453 1347213 6567453 4468349 3309527 7660165 9507827 5032709 2914871 9646806 2065566 97429 4179952 5647567 8443835 6704970 2282615 7128888 8652117 4293398 4592087 1133641 5959621 4249066 1391748 520698 8908438 8743571 559366 6352604
150 154 2864547
534 544 2333080
16 402 3618347
284 320 2031843
88 211 2365625
484 508 1463746
401 529 9722185
423 510 4035886
336 522 6829387
411 534 9415182
314 464 6071899
485 520 2256251
261 524 8596531
156 556 7291881
347 484 2818239
372 458 4296608
3 226 4910554
507 515 6288044
158 357 3396360
218 408 7032309
36 337 38024
138 424 4213187
549 551 4092209
319 381 6606145
387 494 8816409
206 296 7104518
333 420 8892998
299 509 6221929
343 402 2684090
502 520 1697056
417 555 5733059
43 461 5146298
428 485 8452876
229 551 9425213
187 462 6513484
309 426 3349412
89 257 7262719
37 163 6063336
170 214 1305866
549 558 4214001
518 556 9186276
228 517 4537246
559 562 6932015
489 516 3080929
492 539 9170889
295 362 2296895
292 367 3365646
273 465 5471181
64 95 972594
1 200 3647609
545 563 4482653
535 546 8727849
396 510 1839584
363 458 5734944
399 542 2570198
392 528 5736386
67 538 4303743
404 538 405421
201 218 289741
113 299 8104172
248 513 6656819
296 443 6166165
387 520 1767834
290 307 4566025
467 536 1246789
214 263 97703
22 243 6752325
357 475 3953848
2 125 6606333
435 554 9728265
366 460 4288670
42 303 4226540
474 555 3538769
531 547 9825366
280 389 978212
267 546 6528124
24 444 7644762
561 562 3401245
194 563 9075491
214 263 4914726
344 519 1211060
499 555 7212587
312 525 4100283
311 484 2101593
119 535 7419340
132 280 7463585
189 493 169419
202 321 5438035
147 396 3782548
226 512 3223332
278 285 5937597
173 538 1192376
426 462 6148490
241 301 1354944
283 289 5709617
516 528 6995952
466 474 6708079
65 368 6310900
451 546 6978787
273 364 7058439
8 434 5016146
370 394 7521271
54 329 6546921
423 538 7489520
365 439 1958910
128 441 9113949
230 396 5968313
440 498 5243304
304 523 5451573
154 314 9552325
96 368 4931344
440 557 203856
136 138 4043599
117 397 7718104
357 433 9682643
561 563 7382882
36 524 3187256
51 426 8928721
152 157 6287075
482 490 420326
20 475 4949016
260 407 1535300
180 245 2603456
525 558 9413526
40 101 4502732
52 67 3599378
435 485 1980576
106 398 9368735
253 520 6698791
464 514 9019138
234 415 7770413
428 498 139758
390 550 9950027
93 302 7064575
482 499 8317505
100 438 2404759
332 491 4899416
534 536 6686831
53 200 5077204
94 108 4534727
499 532 9515039
113 441 4411257
428 520 5693942
224 311 1647105
140 551 7986986
476 547 205915
18 52 7895000
485 563 4085295
68 351 1245382
538 561 2771708
317 317 4088417
365 369 2993762
27 428 5425978
315 350 2806203
335 358 9719047
2 308 2375980
34 423 3028691
467 536 1747261
56 332 8135574
257 468 1468183
549 562 3740986
519 556 3714340
311 551 4114987
153 413 5972833
506 561 5150619
373 520 2763223
205 321 1227623
159 547 6911221
475 536 447955
217 405 7293367
459 534 544915
334 522 4440437
534 550 9347934
163 194 6000502
374 550 2068072
198 303 4501635
526 552 8786532
47 465 4096283
292 453 129849
128 389 4187373
182 323 2783796
147 344 9334782
313 531 647959
454 471 9133150
359 517 1290812
62 163 229431
6 311 3762801
85 241 8774888
559 560 8704292
284 464 7720818
418 501 7865513
89 326 3796105
231 262 7317419
226 367 6034564
185 426 7380994
38 316 644904
108 275 9994193
553 562 5855243
188 525 2760177
270 404 1493040
360 480 9149130
167 508 9709398
555 557 7213786
115 517 3952107
353 418 1193017
58 69 6706633
537 553 1653905
484 504 1333341
230 321 8666718
562 563 3704292
182 408 3853048
267 349 2874515
22 560 487758
195 496 4747246
465 509 6970230
296 403 7341796
383 438 5691513
286 458 8687161
318 458 9799198
165 335 9407152
130 556 1058537
343 425 1514919
246 263 8761306
132 308 1448326
377 558 9344641
55 84 3546193
485 505 6111814
171 503 1669541
142 391 6308504
229 517 3753808
231 479 4546706
258 537 4784324
81 182 9880847
422 468 1352445
203 449 1080656
315 343 3570230
255 467 1002808
408 448 6057701
532 537 9391314
507 517 4497474
368 380 9981196
216 259 9992919
314 429 1616148
4 153 544142
112 506 5252119
445 530 1911738
519 537 8045379
185 261 6762728
559 561 5208323
378 504 488718
247 342 7818879
240 286 5330184
238 267 2770743
284 329 6234692
115 246 2680005
537 546 4013891
315 528 104071
503 560 7036635
147 514 477657
306 487 4084254
414 475 7055908
242 248 3456877
199 223 1102387
463 562 439105
494 514 5516973
527 534 5143046
131 217 6313510
216 381 7479359
469 544 7158050
266 408 6053490
51 233 1181261
443 479 8003391
530 558 9237096
36 151 7352367
387 419 7776797
204 346 7966010
512 562 5709215
60 338 5691451
440 515 3301980
450 547 9712655
83 170 1550742
289 298 8853035
156 503 9562469
368 494 1136193
162 544 3650575
40 435 1810290
511 525 5748542
13 18 8071830
279 389 9131525
416 549 9344958
521 552 1514665
326 489 4995238
326 462 1050286
517 536 1470039
425 448 6125597
314 380 5699792
56 359 1862421
342 409 9067110
278 412 236469
508 558 4368995
548 555 942417
309 334 776735
264 293 1860151
289 325 2206944
222 416 5339425
496 531 7220501
560 562 253494
432 518 8786036
325 397 9759341
434 444 8528672
76 499 1408833
542 546 5003283
33 557 5416030
294 475 6552543
206 299 886213
281 476 8130606
503 553 2353655
215 489 218567
86 203 1595394
2 202 3338488
168 384 8694573
300 435 7478437
512 530 189042
61 327 1869085
552 555 4320674
136 282 74665
247 283 1417133
327 328 3900751
400 411 6695153
507 548 2813768
537 560 1677827
330 348 2485830
325 533 1917664
161 495 753123
533 548 9058952
127 516 7812722
161 413 7957559
532 532 8526445
536 553 5833135
505 540 4431183
41 504 1198766
130 368 2856578
441 484 1247351
527 547 7297582
538 549 3524532
558 561 7675852
97 390 7878940
513 520 4069869
447 487 6531706
393 428 1613644
322 494 8531218
343 346 3091031
139 355 2689139
64 97 1802637
539 547 9149701
303 515 4576096
294 562 6508708
418 515 2057839
269 337 3484832
182 286 3071467
333 374 8030358
163 419 5286781
68 241 6545144
412 510 4576703
209 535 4236879
180 223 3811211
390 527 9421321
388 549 7414190
388 528 7522497
389 489 5981174
218 551 8511378
287 460 2617548
235 376 6453707
531 540 5388498
496 496 1632195
177 375 6816123
523 533 9720077
29 460 5596789
311 531 227919
64 189 9238426
215 461 6998478
201 441 7302723
349 541 1420329
543 557 5491965
29 535 8356666
442 507 4161492
257 507 3839518
172 397 2623600
464 496 4006783
359 527 3996713
473 490 9981241
390 496 9278692
484 490 8241764
489 493 7695665
495 555 6325105
414 501 4318494
109 357 2260865
235 415 1816216
123 254 2582143
159 270 448056
414 529 4160803
57 482 7677801
392 465 9659394
211 243 8848381
235 377 4740041
67 547 8663409
218 521 5474160
340 425 2489957
16 294 6619344
274 487 2533351
420 470 9116707
536 538 451397
125 350 9174398
54 190 3802311
183 507 944792
28 154 3800263
525 563 5998569
520 532 7116576
125 555 2365399
532 556 6256326
100 399 5237159
282 326 3526178
400 521 4996248
28 68 2383083
455 545 9836237
16 406 2118537
427 476 3237999
330 512 6799796
97 136 1122989
227 312 4233281
539 547 509923
492 501 5741488
121 374 882420
327 360 8711814
63 298 3274537
18 289 1606248
44 205 3732328
137 376 852748
399 404 4774847
426 549 2482804
236 304 7346065
349 388 3745474
211 538 8784312
262 400 7524480
490 544 9816394
36 549 5519674
519 522 9935142
277 464 3551999
467 529 2267518
385 517 270205
441 536 5719938
19 563 7481294
240 402 2800842
469 546 9742869
504 506 132597
317 560 2662735
343 455 4124155
20 337 9548248
131 244 1130746
401 464 5387661
467 502 7393499
465 482 5301792
380 489 568637
384 409 1192189
355 367 8337783
559 560 1165810
378 524 9270382
9 408 7040434
79 495 3377952
332 429 964363
266 514 5189207
432 558 5075064
199 334 7528569
427 503 1305416
247 439 9202719
535 549 5253471
240 532 520675
108 449 7008104
184 463 4238222
266 299 1381215
498 503 7647330
51 99 6804880
222 345 3195800
515 531 8389972
334 409 9867896
163 462 5956224
96 389 2334747
421 509 4767766
237 455 2555785
154 465 4860156
504 527 6392523
533 549 5415169
224 466 2250056
275 350 6082389
174 182 4684253
104 254 3855559
545 556 458969
496 497 6252636
271 367 967173
192 250 3419609
291 401 30665
313 353 9858298
199 295 2703937
158 378 9134405
197 499 2967769
23 352 2824398
383 523 5642139
560 563 8758747
213 512 2670982
431 481 8261907
193 304 9316870
383 465 6164569
438 476 4202803
40 45 8169616
418 471 5381334
224 515 3256857
136 458 8438867
535 550 2878748
456 533 8215731
370 487 6056947
262 338 9257879
136 363 8898231
58 556 5763701
375 466 921372
66 66 8415890
556 560 2791321
218 336 4726767
239 435 8040550
91 340 9412871
385 405 6084706
312 505 1945892
1 529 708934
239 390 6984232
433 487 388202
217 424 2601923
390 446 9393729
269 460 4772051
492 558 8631802
137 180 2718299
54 542 33374
299 327 5845093
180 378 3954199
277 420 3693126
309 530 4169409
60 556 8311262
14 249 4196109
560 561 119291
364 457 3748509
385 409 9482411
415 551 456861
552 557 3847190
430 517 8675882
393 412 2151097
66 495 3680105
151 234 1769785
258 349 9221770
337 451 2045212
506 562 3380077
136 426 2224334
14 553 2630801
257 473 966298
554 554 8105415
550 558 9931970
422 496 1929312
99 437 2939583
396 503 504472
467 509 2963449
472 534 9980655
536 547 208228
260 508 7126288
232 441 8725401
11 126 2575706
287 352 8591914
279 364 6255784
196 553 1603778
253 466 6962834
3 154 9555538
553 560 5466453
348 518 3867837
435 518 8666187
551 556 6148475
426 435 9790008
116 418 7844354
198 349 4249634
293 322 7565087
192 499 4401511
242 353 9638353
307 382 4454072
41 356 3515072
264 352 9702795
445 515 8340677
168 523 3565738
34 537 9871588
511 530 2527456
413 463 8445866
531 553 3795633
285 443 2446604
68 170 8535575
353 547 4556590
557 557 8485062
245 431 2079273
227 318 7463260
425 441 5630217
520 558 8518375
289 410 7600994
214 238 5927780
214 239 8544014
139 506 6629721
388 546 7059841
462 494 9025062
69 247 8153335
393 557 2519347
352 380 1082778
436 493 5284395
429 534 4534999
330 419 6286654
141 420 8990450
216 503 1750806
260 458 5167412
209 298 3088627
66 268 850703
242 329 8811325
164 301 5994123
247 247 6482726
449 473 7367713
292 440 5719306
514 563 6248929
450 494 2125709
107 527 3818385
26 520 3999613
43 467 3178358
316 480 364083
455 538 174237
304 405 7142503
325 411 4929806
362 549 9364085
274 487 8526412
360 427 8336800
126 557 279421
59 78 523228
555 560 4749305
224 459 2990856
307 365 3114603
548 558 1985745
285 473 7269012
269 433 3937572
192 424 190656
328 335 8839817
8 288 6894907
57 512 6598150
368 392 9185265
248 469 1780780
451 464 794008
398 563 4388542
323 551 6491700
548 554 1836802
314 555 4338242
37 152 9841985
251 427 9630966
551 562 4545212
325 496 4863924
131 473 1486053
203 334 450573
421 551 6968846
213 479 6033412
273 278 7963623
143 476 1639216
535 550 1190089
300 476 4699966
486 526 761197
51 502 5779897
562 563 4258314
88 373 7103565
6 469 1836290
98 464 3405034
257 277 6945430
104 394 1062375
214 403 6857213
34 250 3697503
338 426 124236
91 212 1439260
463 504 8678913
353 535 9644947
366 460 5928084
316 347 1588896
395 485 8855751
540 552 4706963
48 276 3804300
437 551 4226651
511 555 5163153
58 458 9266626
76 519 229733
106 226 174865
274 551 3709075
249 263 2302349
52 348 3200370
537 551 7789002
65 329 9561951
475 542 7517149
47 165 1136106
309 490 9581519
311 319 6403401
122 515 424050
172 180 8198418
547 551 5887471
87 440 4708382
52 479 2129466
194 239 83290
358 395 1771244
30 123 1052562
438 535 8153415
246 276 1207412
482 529 6238029
340 467 8520078
317 509 4665102
341 530 6935328
405 555 9028572
496 550 2394262
3 57 3343028
74 299 2385909
514 548 4260372
234 422 854351
403 527 2033746
558 559 4517251
296 477 9971874
348 367 1480604
90 386 3397782
487 490 4702174
200 441 9808531
97 546 2662168
538 541 7771926
67 114 711656
213 445 5817916
120 520 1138040
527 533 1577468
357 559 3074080
12 270 6220714
60 170 1504186
444 449 7694586
178 300 4191333
554 562 6409865
7 144 8662943
557 559 1500535
495 555 114649
555 561 5791117
178 403 423666
410 464 8619518
372 497 8326018
523 547 2098684
61 285 9753764
339 366 6399561
260 342 8631617
183 304 2884810
78 82 1556865
313 438 5374541
92 388 6352528
557 558 1962179
226 289 6241430
125 417 4272664
297 555 1836011
222 311 8691932
17 528 5023397
254 317 6852886
303 544 3386179
356 483 10353
180 368 3882798
220 335 5391401
426 436 1967684
4 383 5698759
563 563 1615859
279 326 7372571
507 559 1344893
321 515 494205
70 300 8114573
77 474 8788841
337 394 6836417
238 429 3480553
55 286 6100133
343 426 2568930
358 371 4236295
295 351 1297613
198 357 7206639
538 558 713846
107 203 6510485
374 419 9940537
281 346 3627033
275 548 4410435
154 186 1588988
306 412 5306107
436 454 4836619
445 489 4926406
252 394 4587728
290 360 1630337
415 540 9979417
304 490 3897021
20 346 3013439
452 525 5214355
511 535 2462126
2 26 4636763
557 557 471305
237 303 4337197
226 306 5082421
395 528 7532448
179 525 6641058
179 340 9730817
373 488 4924799
143 542 9441737
61 86 1286749
250 382 1838212
25 460 1902889
253 264 408765
61 210 3770884
400 436 3311383
156 505 8536511
286 371 9460141
59 396 100712
470 494 7209887
462 465 6950561
272 452 8202683
75 432 4998492
524 548 8245419
555 558 9833455
162 302 2842030
393 499 5331017
262 363 9784186
485 507 4336275
121 385 2267051
160 428 2268899
288 538 595849
476 484 277301
356 445 4533004
30 78 7590802
161 226 8731894
423 468 2276990
103 284 1726743
85 244 9409380
541 551 8590147
428 442 1473028
190 367 3026446
486 486 193944
214 251 4045049
484 563 174888
470 524 7221468
447 451 7384474
270 547 9493185
219 257 9603159
436 529 7705054
29 39 3516844
381 518 9702495
197 463 8101956
126 193 7386795
482 538 7861885
446 500 6028884
326 406 9085189
384 511 9344437
533 537 3354731
490 511 2406644
372 532 5182607
358 403 3077588
420 478 9322962
316 503 2294490
471 528 788852
354 542 3446673
280 498 5885747
165 388 1412459
472 519 7544989
250 413 59159
347 427 2483891
226 429 452790
320 394 7225438
534 561 8180398
199 327 3638156
432 445 8187842
119 345 2241014
166 382 7362387
71 487 3963998
504 536 4419156
227 361 4251318
257 383 8099735
46 505 6751132
22 288 5187197
123 545 1080990
90 506 4112170
124 131 3542415
563 563 7095410
188 425 3753162
98 265 711942
54 241 7775947
13 460 8683814
442 493 6228529
410 559 4005641
434 491 5566700
358 383 545839
51 461 2035553
119 223 3483492
491 535 622984
161 441 6255299
365 526 1627075
207 428 2750296
286 440 1487754
312 510 2133824
63 414 1305898
261 401 299356
531 549 223516
416 507 5573043
397 418 577799
40 501 7404135
421 463 9856304
116 392 6215745
361 466 6831889
214 286 3277681
286 339 6915097
201 533 6781797
299 385 7522950
514 546 8625667
534 560 5406804
101 214 1538371
499 529 9476646
553 561 6729396
548 563 3193080
19 259 7804576
202 312 1184372
385 417 5668451
415 557 6939410
218 432 211024
161 530 7992558
193 475 782284
378 420 7760831
138 142 7027132
459 507 8463653
51 469 3212660
493 530 1557610
196 303 5612465
20 30 700529
39 203 3719153
284 439 6525012
51 523 441900
473 553 5887271
367 530 8827311
56 459 9402951
163 475 4084834
514 546 5480602
411 436 8385808
559 561 7120344
323 526 2359933
458 542 8747023
18 501 6886577
559 562 7716478
432 494 6284714
94 340 6408343
376 457 6225644
34 66 6865173
266 319 4805845
345 415 8463327
326 433 8563842
555 562 7428466
449 456 5168438
475 557 7528187
165 314 8693093
154 549 3974186
438 562 7892664
418 440 6143078
553 558 2927290
430 465 1102470
438 469 4199411
355 383 9589012
187 418 6975950
149 223 9636881
363 512 6831669
224 274 2786244
167 539 1771133
223 389 448039
468 516 6118809
42 71 8080577
106 377 8753323
200 283 3909716
515 542 1486692
487 517 5505566
496 539 1165116
442 509 5070127
126 434 2046586
251 315 2022292
401 455 3390852
276 292 5324624
385 385 6278365
312 399 9391806
355 368 2425017
297 388 76606
561 561 7494485
311 549 4773689
225 455 5961247
62 63 7978100
363 382 2413575
