220 655
635752 475722 6800922 4856972 6489562 2102643 7952138 5496264 4135767 8158129 7243433 8554284 7856915 9233788 9392170 9840472 8015035 5797260 7311557 6082698 1512133 6706964 7717947 18414 3027380 9604706 249605 7281983 148747 1642906 5913654 3220665 5092135 4883600 5929634 2089252 8521784 6599077 797629 8308618 163203 209220 732744 7151118 1207907 2383045 476652 6329707 5972673 5822401 4538355 4330306 4509395 6418415 3264204 2491250 4501569 1548648 9597249 6110104 2799830 8833987 1988990 1064682 2040842 3593980 5748055 1841583 7978822 9070271 1612190 7941901 629283 7345011 7257471 1879136 8268964 1499038 6031056 3320642 2231073 8474290 8714774 6354317 791568 819385 1626141 9728714 3320241 3500984 6252612 4442837 7487089 3858004 9542615 43135 4253707 719080 2456016 5688111 6405063 1904233 4985458 1390101 9133218 1009061 6642075 9840958 513235 301810 3568271 863975 4949932 915106 6811 64256 3033527 1886471 4653857 3527543 2300736 4028597 1529288 2172135 1578071 2678252 4183562 1029581 6665658 9165214 6778812 3072200 7595993 2432987 2537660 3277759 3966505 7413453 3911939 825671 384889 3987801 7520067 1056530 2877779 4696755 6294465 2395558 2592971 5846115 9460486 3382943 1475606 8572928 376246 1073522 9195346 2517928 7673970 6664724 6842072 7032197 586599 8196320 673143 9570624 2920828 4655094 7773789 1829544 414332 2969307 5446825 5456261 7798453 1409884 3106589 7522877 3126123 2276380 3033556 9921483 8772720 6069045 1012537 8405122 5067194 6546272 7753700 9355841 8932708 9728780 9350219 9137751 3101964 7538226 6546893 7522940 9960103 4689815 1270941 9879387 2707973 9751598 5521062 6670837 9461159 6725123 8718171 9505798 6182085 1762974 9881523 7967530 197202 8927072 7296586 2720362 5983569 9420313
111 204 9725799
114 219 189818
127 180 1932653
143 212 2370002
34 99 3383497
21 143 4233717
58 206 9734918
143 169 6966076
55 133 7865796
136 168 2037528
16 208 6966640
121 128 8064798
3 52 1546796
149 190 2306969
147 194 5560127
33 120 3269009
134 173 9950746
176 219 1543922
64 123 468540
17 179 5578230
212 217 5331918
207 207 9478638
174 206 1914939
76 80 7637838
156 193 3735340
104 213 3367700
126 162 2004942
146 166 2249987
196 203 6886199
133 151 9187059
180 200 8517954
212 213 9072356
198 199 1896636
157 187 7338832
105 174 5447110
24 116 4258222
180 201 6093858
210 210 5798679
61 124 1842166
130 175 2087591
77 205 2899203
199 205 326633
75 192 8936001
32 96 6237068
38 182 1750072
2 214 4040223
20 116 9813034
6 172 8836330
165 170 101943
58 99 2817303
156 205 3492671
158 192 1228657
191 220 8205096
192 215 890402
114 142 597678
166 170 1932892
38 63 5961717
113 163 4087961
102 210 1172530
76 81 1222960
130 144 1121914
61 128 3373811
202 219 1466746
131 213 537255
197 218 3277689
218 220 8444634
186 190 8080645
79 115 5821107
195 211 4919844
55 58 7190384
62 187 4521540
35 143 5198496
167 217 4787379
115 217 7488318
154 215 1653594
13 84 6594464
199 205 5007520
159 183 1978259
32 201 7803425
131 189 5565082
17 28 5122383
170 198 5143296
72 176 5968036
49 178 6902739
155 215 7780368
12 209 3043139
69 109 2292305
163 179 3948923
37 111 4736918
196 205 9709906
175 189 5179667
97 214 9445328
96 152 9156367
10 214 9743188
100 216 7809280
132 220 2134220
65 163 8667823
53 85 3334102
214 216 3006037
127 197 2543507
58 196 2832252
114 197 527356
162 189 8316304
174 198 7964994
22 138 2585903
111 114 6561688
130 134 8142630
163 171 4459384
71 109 420674
143 194 4712884
53 167 6591694
210 211 5206060
141 199 5907846
183 195 2858661
189 197 6897562
73 138 5785455
220 220 9187825
194 214 3568306
198 213 2632509
125 146 3874718
190 197 491442
22 71 468433
6 94 7357682
69 124 6021790
190 192 5448531
171 182 984494
68 79 6238817
69 145 4535884
123 147 6796787
161 172 5492222
44 170 3096346
80 109 1153777
191 212 426020
85 162 544417
184 214 3633970
44 83 106653
27 140 3449430
28 58 9219903
69 168 6201871
15 191 6423839
17 73 1895328
90 127 2155668
176 184 3810634
217 219 1913003
187 218 7612752
181 194 4682254
74 143 3196877
58 81 440920
73 145 9178414
111 203 3267492
7 137 4536452
151 176 3202753
127 203 9918842
2 105 6487879
100 148 7856622
142 189 1545117
5 214 5063288
37 112 3736093
143 150 2670725
215 218 8238377
39 183 8911412
175 185 3783226
68 123 97988
67 199 883855
194 216 5361804
31 87 4533676
38 177 5155263
48 95 5085083
156 179 696333
22 95 4294790
123 175 3750365
105 203 6714427
197 200 3117728
38 201 9528034
4 136 6814943
75 160 3611948
151 200 4595761
188 190 2272070
145 215 5296305
119 186 5062059
87 130 7263090
67 89 6702338
156 181 1587494
74 165 9945801
3 112 9422775
191 212 2917947
167 176 1054022
106 210 1506044
167 203 1680843
51 147 8894303
176 199 406138
38 194 8064658
58 85 9414648
185 215 1391414
136 215 5893442
214 215 3402986
186 220 8624855
117 191 9515880
43 133 3267892
69 208 9665158
161 167 4828289
182 183 2069683
45 135 4577070
210 214 9903531
104 204 9885927
168 176 171580
13 141 3325990
198 208 5672269
56 128 8013240
218 220 7319639
171 196 6942543
160 211 7808181
201 216 3815725
38 67 7924881
130 134 9871558
115 199 917253
3 130 3703347
39 95 5404260
131 205 5260178
135 163 9124560
146 204 7412558
195 205 8940474
155 173 9869783
166 195 5580994
88 220 9111755
68 196 5198246
148 155 6629746
75 82 89607
106 163 7251850
80 120 9992765
214 215 2482183
105 139 275618
214 216 1511644
71 213 6946139
179 213 3419119
180 195 4292793
139 181 4734820
16 94 1403197
155 202 3077129
45 76 7860599
116 165 9689029
7 8 3149734
14 81 2015167
36 73 8790290
25 48 2517424
119 128 6199578
212 220 4175767
106 149 2732584
49 79 9290587
42 84 8163454
95 96 8070791
144 183 7484038
16 60 652087
166 191 2958915
206 210 3520869
184 216 485988
177 218 6062340
150 216 7432385
209 218 5721154
115 191 1367877
116 140 3313191
21 123 1712466
38 104 3278476
207 209 7185701
174 205 6185689
7 86 6330024
121 142 1884847
210 210 9800021
220 220 4119546
198 198 6297231
105 186 3464293
158 172 6967215
35 207 1968251
53 186 6356212
134 181 6135657
202 209 8463059
27 107 7204348
95 162 6160330
38 158 95344
51 219 3033501
6 170 5294196
141 166 1996471
101 124 3622217
162 162 1989732
132 172 5021637
199 205 7570115
54 143 1438743
192 195 1490911
73 204 1824057
154 154 9214814
53 129 7457914
175 194 9951245
91 111 6956419
177 187 1563152
156 175 4108198
91 191 1332635
64 171 6176677
155 213 582717
139 178 5375376
128 128 9581933
7 45 7397056
13 153 9964261
98 202 1320714
70 149 9152762
88 127 2590494
94 165 9882443
111 115 3625557
132 143 8861690
202 210 4037483
17 160 678828
89 136 6990556
127 134 3150143
2 143 6717075
1 171 1809621
94 171 7859003
72 126 5957648
179 205 6897060
71 122 3892902
202 218 7530822
129 148 1739991
209 220 5888273
54 146 1429097
217 220 853463
71 151 5026687
137 159 2782945
58 166 9532703
123 185 608933
47 97 3209420
104 218 2645873
108 109 1476672
77 207 7682381
68 190 5073452
11 76 5904432
78 168 8524298
157 216 1476391
50 77 9186496
139 219 1004668
54 105 3871508
84 110 7873558
175 210 9177142
168 173 1962174
27 59 8831990
33 137 5290420
117 132 8802619
33 216 8439880
138 179 1890709
3 111 2777117
144 195 4217526
111 142 8173281
26 172 8952547
131 186 4556915
85 101 8989978
187 201 6875245
195 206 1652545
52 186 7991768
41 184 3147529
142 155 2732740
96 108 2506727
64 169 6218461
17 211 6487479
7 210 2836902
45 92 954620
73 198 6437548
202 216 1881902
4 133 8229514
124 127 5819454
101 189 8502251
218 219 9482654
105 134 5789983
173 214 8619821
197 218 7861681
10 85 2575244
189 220 9085215
118 174 7846765
78 143 5004865
107 186 5698815
85 97 4551908
58 188 2253452
93 139 4394316
171 176 6313811
148 178 6060801
163 182 9382083
135 148 4984046
76 146 9837352
152 153 8816992
22 33 794073
2 137 3954151
34 103 2118502
83 126 2278258
52 173 8446778
116 182 1938760
182 193 7509882
132 155 6304666
168 173 7178252
212 213 389480
217 219 2033131
175 217 5207115
85 219 4055230
58 66 6349378
6 203 3344564
82 95 4706285
113 128 8850739
142 160 6229555
10 49 1164044
100 148 1007582
97 98 9246556
59 177 3665599
135 210 2994935
128 142 6720374
91 165 8948817
42 72 3363873
13 193 6781392
193 199 5162804
37 163 2968772
69 130 7955896
65 168 6767433
11 90 5705040
215 218 5167289
27 83 6545390
16 94 1612381
93 169 4953846
174 219 5648415
208 214 5940844
116 212 9577467
46 150 4516068
73 197 6482213
60 139 4181613
100 178 568990
14 111 6191447
16 22 5786305
5 41 2565424
129 199 489880
22 146 9748041
170 199 6778073
206 208 6434407
171 193 7031694
168 218 8693318
47 128 9625748
183 191 4343175
98 177 1198975
9 33 9113194
218 220 6545381
135 200 9084378
148 211 251875
18 80 5409620
84 208 3355031
187 208 1236854
138 218 3635507
71 196 9165509
176 204 311347
98 107 5632515
22 103 9084335
36 182 8737885
115 151 4247220
150 215 3859223
67 169 4203149
13 135 152153
109 166 1848138
21 73 2647843
140 168 3774343
110 159 990549
198 211 7970252
104 178 9460334
121 159 9275291
95 123 504879
55 120 1641430
218 219 4349240
102 130 1704922
124 192 237984
106 190 515572
57 141 2352842
145 170 821756
43 175 8793654
83 129 8916886
215 218 147427
65 88 6509982
118 126 4840706
159 188 1157371
106 170 904659
132 139 7624309
217 220 8778149
142 186 5722275
61 140 6817749
22 50 6141877
88 126 1086123
72 144 8062540
7 91 4756670
39 107 2032863
166 205 8183415
129 160 7605200
104 216 3303412
87 191 651431
12 214 9675016
24 167 4622516
153 211 2351540
160 215 626641
196 218 5682608
117 143 3062169
26 132 9817989
153 175 2743153
9 99 9764810
131 198 6696867
202 210 1087969
189 198 939326
150 208 8424594
131 138 7680966
126 169 4495031
169 179 7275102
13 211 8770620
183 202 5382934
164 216 4592641
134 135 1588869
185 195 1845122
60 161 2828670
21 187 7164421
172 188 3026808
16 107 3690179
70 150 6010276
15 159 7176076
120 190 6628932
20 164 1016681
93 155 242144
164 208 2476713
187 198 5325540
220 220 2893693
132 132 2239685
150 181 3123668
91 180 6692142
116 216 3112320
53 185 7385763
124 148 7169537
137 186 84110
208 215 477768
194 204 6625560
143 205 536549
27 68 1877488
192 209 1455338
175 213 8847930
150 170 650411
122 150 78138
160 177 8107885
4 86 2572728
212 219 6483020
56 170 4004871
47 114 7463327
131 172 8322525
36 77 8722170
60 86 1115959
32 163 1328448
19 114 644923
18 57 5410746
131 165 8523134
198 204 8308595
72 120 8859459
37 213 3826910
179 190 159456
32 70 2463351
69 161 7946582
176 202 2963796
168 215 2749309
116 144 3698003
173 176 3151999
187 190 3820110
63 173 1633393
5 32 135888
183 197 5088507
181 190 3277878
209 214 3753183
155 155 5767771
219 220 783004
158 208 7573381
70 123 6446468
47 81 6997405
131 206 7483709
202 206 7036316
69 178 2834292
156 169 9804501
199 204 1279549
207 207 5836684
52 195 3919495
91 134 7181725
169 209 4901597
169 171 7810210
114 128 9573149
105 197 1847488
122 129 9548641
84 92 1866968
35 146 9807544
201 219 91743
71 144 4295193
117 144 3631584
106 200 4437056
187 213 8316651
18 67 794835
75 104 8918422
216 216 2377983
29 167 8277519
69 152 2141275
160 175 8854204
52 215 7465496
183 197 6650495
168 220 531435
48 60 3385653
175 190 243321
144 146 2533796
200 202 5372418
161 171 780350
57 163 9612551
178 211 4199041
180 209 1582038
59 83 9834188
104 128 2268196
30 45 523810
22 166 290111
123 183 3907586
81 118 7081959
216 216 2387147
15 33 5604524
43 219 1950510
96 172 2872385
90 149 9889595
184 220 1631947
146 182 2677780
176 200 1439866
95 215 2618302
2 70 5628665
1 63 7693980
20 41 1868144
66 76 5189955
107 189 8966186
59 201 5130833
120 194 8202381
19 210 619502
99 205 5401323
173 209 7100755
65 175 6115603
111 211 3796893
152 197 5737719
4 127 8079113
106 166 4141144
144 216 1370108
154 198 1213699
110 202 7695578
71 120 7353718
79 166 5907776
220 220 5683350
175 179 4406502
29 157 7107641
7 194 4963192
123 213 6869136
216 218 6446013
98 101 8934043
45 52 5372552
92 142 2656377
36 169 3622541
