253 625
1773014 5225980 889967 1762655 6121683 9864599 534855 6681129 3324454 1902672 2663196 8151395 995626 3574483 4924830 2694925 8283765 7635831 7565833 2985280 6720751 6647689 7193834 6920209 3679833 5989146 8861106 1870663 1352716 2868879 5751609 7979298 9359381 5875844 6229150 634860 1946497 9335421 596005 4829365 8233721 2127845 4068663 7543742 4910574 499003 8734689 1262964 3314921 5361301 851956 102316 6082395 6465005 1069725 3947136 8700009 395978 6035584 9806865 6504448 2667126 6537853 2102037 527491 3512751 4369557 6919013 3474576 1591346 2622368 798100 9969507 4042937 3046684 1793155 4042176 7422131 1559016 8788075 1350326 2782732 7224979 8989923 4846988 5589773 8831147 2429431 3549255 9321002 2161428 7465717 8149886 2206633 11584 9294318 1122994 9961032 7283862 8472117 7508466 8411952 3252836 4929658 9359264 6057388 4805695 4812323 6293285 6634687 9304474 2173045 2120768 7977309 8615292 5154843 3439252 2860894 2968465 1377272 2525846 6806680 1543350 9056791 4105111 5779327 909925 6980031 4250624 8550098 1516381 2135708 1381458 1891747 2195562 663933 3741516 9353632 2688101 6950888 7743343 6819748 6603944 6200960 7257953 1410594 1843642 9152847 6752389 5653656 9816644 3012103 6329300 3296729 3180140 3104337 119451 6338603 1525244 3362711 7265437 33621 3648707 4014567 7827882 2757348 7476677 4964143 8684113 9505962 505272 2465858 3195399 8118295 8993695 8949317 8268692 888489 3401583 3355424 6894475 5422460 3932252 9459370 2853739 8711675 1427165 8322742 4960215 252699 3541318 1677271 4301348 9780578 7804368 2513268 2757294 8626915 9329826 4908116 561470 7506395 8768895 399394 4340004 3596341 9141781 3138598 7704692 3253430 8018772 7145188 3298241 2986408 683151 1864579 4774381 6386592 1714672 3392640 7120754 9078349 1349310 597165 161640 3922599 4792102 1158185 2389537 4899256 4616197 9114411 2338199 9079907 6218223 701571 2994889 8557409 450423 5524547 4865523 1218992 7412480 7129910 3493399 7108391 5048580 8122991 3294860 781133 9632545 1364889 1808087
115 134 2155446
217 241 5475114
156 165 122733
141 250 6581672
12 133 5029414
233 235 3285303
123 179 64429
202 225 2256149
238 238 6668440
15 110 1230427
62 122 8786387
71 201 7750633
13 41 7432402
79 224 3695740
78 98 7723115
136 196 613504
31 115 1193714
169 243 1185925
71 200 154138
224 228 7287050
124 234 138697
24 78 5188681
52 199 4751098
88 141 4528536
110 193 7679618
48 232 321992
76 178 9470108
13 218 1103072
230 241 6301739
40 231 1673775
35 227 3700540
34 240 1080032
85 178 4254173
222 230 6736227
137 216 1134700
9 37 1099738
214 234 9639649
202 234 6224951
74 252 4974244
193 232 9477978
86 145 601759
95 167 5758213
105 119 2684986
23 251 341505
148 172 5844107
238 243 6823102
63 203 9941929
8 20 905292
109 162 2684086
117 199 7505877
115 167 7504871
231 234 2421004
198 229 5554409
239 252 3363809
236 244 2398530
88 188 6173107
148 229 779709
17 82 7466749
110 144 3870948
70 103 6429966
12 113 4014751
120 247 1653596
207 231 403666
198 247 1947609
100 244 3033123
53 114 5744074
250 253 4900096
198 219 5929576
195 208 8493483
2 119 7069225
187 203 9680537
33 244 5643075
72 134 6276081
86 153 6749110
114 180 7938152
229 230 4734260
244 252 3092485
244 246 3689418
125 234 506668
150 175 4652743
103 141 7066225
28 57 4115756
45 116 6804833
210 215 7932043
98 98 4901316
243 253 5308692
224 224 6187879
115 122 9690300
100 183 8041078
252 253 2218792
97 163 56069
62 124 1281127
217 232 2233766
235 235 5747165
193 215 4492424
253 253 2476209
56 66 619671
98 98 2400249
176 177 3222578
142 233 343083
147 224 2747702
110 199 5245204
104 202 4206114
111 242 9472364
196 209 7542250
182 194 8020518
180 203 3156406
137 207 6834343
135 207 137036
76 214 7477395
16 185 3327687
53 234 6923023
61 63 8282187
136 246 3265562
145 227 8067649
90 145 8958606
57 214 4205600
238 246 7623657
190 220 5727126
87 146 6660431
253 253 5288040
48 183 5568291
204 220 2022945
29 227 2169086
186 186 9516037
209 240 9684482
217 238 4875902
37 199 6949456
8 213 9696312
239 251 9949388
6 171 3989150
206 232 2524472
94 152 7831690
146 153 551529
189 247 4968241
230 233 5281828
106 182 5627977
196 237 4598680
42 109 1383415
98 229 2547983
235 236 3963561
191 203 4129995
93 206 9793906
16 79 7093230
188 188 3408387
34 151 8192257
7 245 505123
200 224 2302667
89 206 3469996
213 244 4428188
231 252 5118546
115 213 2375120
6 62 7278581
22 93 3635507
1 250 1057290
229 250 1479463
132 166 7745243
108 228 5401395
126 201 2575517
145 171 6935705
37 97 4461583
133 163 6828795
55 133 3148766
204 209 8593333
15 120 6942604
227 243 8061966
124 126 9106984
208 226 5413897
123 141 1191139
64 195 7852324
172 225 6270127
98 115 9345155
34 56 9409292
171 228 2746526
103 135 1590735
107 228 8076102
229 230 9510428
149 194 3504519
9 120 8919136
168 195 5101517
242 248 6305287
209 236 9959703
224 230 5779389
230 238 8699310
178 240 1319594
213 235 465467
127 148 6209785
226 231 831128
108 111 3602407
33 53 2356784
113 234 1527374
51 104 6659959
231 242 7996997
49 94 132770
78 165 7906499
61 214 1885665
250 251 6200598
12 185 8756163
115 252 3740227
133 164 2131818
70 228 8461110
243 250 3304949
23 152 4431222
100 169 1802310
64 229 8509614
214 227 4432042
145 200 5293400
181 224 2681680
238 241 3135435
74 84 5785687
123 239 8200296
207 223 3205567
239 247 8220422
61 188 330141
91 164 5050307
174 201 2674659
252 252 5120671
212 225 5415932
23 203 7960320
171 212 8089162
137 228 5664680
77 114 9525757
12 150 5865160
141 226 9859687
94 242 6165087
52 144 2267381
206 210 4417189
104 204 3771462
253 253 4893563
61 198 9423123
48 110 4128428
113 223 9517608
175 248 8600685
79 183 6436453
229 246 878247
31 222 9994459
226 249 9576674
230 230 1698842
158 184 3743406
4 161 2656948
142 195 928933
151 238 6342415
83 214 9337917
111 166 2780938
121 143 9307016
11 222 4910925
101 111 9875788
86 182 4737607
222 252 5709644
126 205 7216529
174 189 7468337
211 234 2509005
49 95 6679146
168 238 6413550
165 175 2029004
94 169 7258395
30 37 4192577
242 253 8749464
72 252 5025222
138 229 7051937
94 217 2229861
19 53 4046432
72 165 8832489
106 243 808668
195 209 6852476
59 217 1103470
156 238 7067650
235 247 2007997
174 184 4644942
219 231 8455958
198 236 7020300
59 176 155666
115 246 7480837
43 68 7522254
114 132 7881255
15 60 11542
195 212 2259951
157 190 184943
104 169 2963350
195 221 2231059
7 47 3097479
85 127 8966467
23 109 5534112
129 176 7291675
152 224 1175222
236 238 6706147
221 246 209125
49 178 1432964
210 232 6594850
202 225 3087540
146 148 6218544
113 237 9599399
120 157 3011126
56 150 1050430
40 162 2387489
49 200 651282
208 248 3574937
25 229 3912073
17 42 8048318
164 188 3736881
151 220 1904033
31 189 2213911
229 245 6171509
75 228 5408477
14 217 1332925
7 238 2949905
178 193 2449843
9 163 6789960
194 200 382486
169 192 1091690
56 245 8960298
167 203 9058694
141 250 7884072
111 121 8027642
124 190 5917440
246 249 7902821
202 252 8909604
234 239 3896494
159 170 3356667
151 168 7617386
204 242 4194892
160 251 498572
51 147 4454241
25 238 569123
20 252 6729208
160 242 9091513
190 214 730671
222 223 6671718
88 130 390373
88 130 1487272
174 200 9867256
35 145 9298037
63 209 1853423
248 253 8163723
227 252 3493404
42 235 8579937
247 247 7182306
6 136 3340450
132 240 7337471
217 226 5949422
8 80 7320563
96 113 7155647
84 155 3872556
82 211 8140275
62 120 9529050
74 220 1300485
48 140 923399
4 212 7717900
75 192 9917063
98 252 4168994
58 147 3776128
78 238 706326
168 215 9919206
85 123 2532524
37 224 169954
2 58 7625064
190 204 3253328
80 161 9691523
63 154 3649736
215 222 1289180
9 225 8038538
10 224 8681920
200 214 8031149
30 89 2801213
5 103 6022987
22 46 9843320
151 235 8932023
192 223 1132103
40 56 3773086
207 220 9919662
251 253 1829246
48 99 724433
238 253 9308962
50 225 6485599
183 222 1010440
246 253 2244598
120 209 5261634
46 147 5892360
224 252 4838701
228 240 4151862
209 222 7620817
83 162 8661144
87 152 3056394
224 242 321358
72 100 5377934
108 245 7577124
208 231 409914
210 212 2837485
51 175 7930829
148 247 6813902
50 110 4223556
11 116 616699
249 252 7306301
47 223 640442
207 230 6631478
39 201 6292775
12 53 1544219
190 229 5827911
61 116 921629
245 245 9229405
18 20 7633833
201 245 4454025
86 216 5189853
129 153 5826045
113 197 4878677
9 97 1191303
97 209 6347571
188 203 370280
115 148 2562553
9 77 7195139
189 220 6818519
201 217 6884142
211 245 1025377
249 253 7067914
251 251 2057770
171 189 5693161
54 195 1273225
16 21 9984674
108 126 1444756
92 139 4610146
151 153 5636259
191 245 62059
207 237 469603
210 248 5703275
19 219 5977213
237 241 4197716
73 180 2523197
221 227 6865977
58 130 6778095
94 217 5933869
16 65 8128881
186 232 7320637
125 188 7523104
93 153 4403156
53 95 8666603
34 56 2224262
9 157 9741078
167 203 9172094
181 213 9653915
220 249 4999494
31 233 839208
13 103 9269626
228 228 3834158
132 241 4639496
78 84 2124283
91 189 7813663
13 236 3332156
181 235 7647665
180 184 3748550
111 167 4608199
116 196 2953015
252 252 9863949
154 191 5892710
184 194 3313318
242 252 1889243
58 170 452563
164 218 6028807
108 234 7187212
99 113 2674965
25 176 2159635
189 225 2990289
37 146 7003517
161 228 1822541
100 217 8371886
246 251 9324248
89 122 1617371
20 60 4106975
51 127 4268306
84 84 7312153
157 253 378903
40 56 5931681
155 240 3169055
119 194 8009531
7 250 904025
228 251 4012594
92 212 5944700
231 244 7171253
106 116 4969460
95 244 3078274
141 250 8763559
115 234 6935664
162 180 3464529
116 210 5223478
240 240 2265666
198 217 8406420
2 138 2537229
50 140 3801245
49 151 1270683
246 247 9890492
4 14 7828241
114 171 1419758
18 182 3873860
220 225 8568402
237 241 6158777
51 98 5577608
247 251 3329476
96 195 3331054
139 247 7689846
181 185 9178562
161 233 6936459
25 187 3465992
27 214 3655567
27 205 2937166
130 189 3548220
245 252 583562
88 189 7555068
58 169 3826883
166 196 227599
212 237 9306726
238 244 4401175
169 250 1600267
122 162 6845569
21 213 2999773
229 244 1335739
240 249 9913685
165 221 4439754
251 252 2571518
75 138 6363957
161 227 1050528
107 191 7234329
137 248 6052964
95 177 5226039
6 220 7028964
218 229 3185768
21 169 4256653
133 210 8417491
106 147 5209288
23 78 7036768
113 132 4450474
226 251 7141137
37 212 5198769
174 216 2314801
136 145 9823801
194 199 2984181
186 190 3112850
187 202 7221325
39 84 3707986
145 157 560085
96 130 3152369
251 253 2104444
217 219 1253600
235 248 8122431
228 253 1802052
70 76 3062084
148 238 2681861
141 217 7478547
90 192 1310439
88 120 6466959
234 236 1239456
162 197 4725018
82 230 7911604
27 80 5733333
59 233 1424934
170 183 2387040
7 52 890985
30 80 3280829
251 252 431265
227 243 2394666
108 142 5895941
93 217 6703850
159 196 7042664
252 253 7622188
59 152 2020613
57 136 2037024
129 146 4283703
68 111 1430155
178 242 4735444
182 227 7089345
106 116 9380732
211 233 109484
215 250 5729436
177 253 9576379
25 137 4290534
28 29 4367785
229 249 9656197
167 206 1482957
128 182 6252769
214 225 1516575
159 226 2991268
131 166 623448
138 190 4615696
75 124 4247501
133 215 4048878
223 229 2826849
49 147 5441451
129 175 4836062
74 135 7160100
24 236 4161275
219 223 7734618
225 231 8462213
128 197 7935878
28 116 4218573
35 239 9600813
242 242 4789739
30 225 8773310
84 209 5197946
135 146 6671997
204 248 395856
84 176 3090967
41 216 1054442
192 197 7915909
30 167 4934878
172 204 2491644
58 61 6255583
104 191 8517211
54 196 9000073
56 155 5793858
168 180 3813716
125 239 5122450
201 204 386086
181 246 2583640
176 227 5310576
15 49 2253228
143 204 4456122
177 233 2326545
245 252 3068465
234 248 1344818
173 176 4627723
40 106 3116355
83 183 8452711
10 56 5724231
135 202 7105302
23 121 5317402
73 217 3190521
40 64 4241427
