648 495
3627556 7642880 2287404 9114623 4485511 4184146 3401750 6191030 3264958 6743039 5141261 9976455 33208 4501528 9467586 7337996 7819507 5930632 7936166 2110805 6724140 1198137 9138331 8920204 7391377 6742782 1547880 6225635 3016178 105161 8696550 4113260 2035602 4801902 1723274 9493514 650003 9508033 4148402 6602155 9181413 1652762 6795141 3260822 1546726 9890581 907934 2488051 248563 9327465 353389 6006071 4848298 393550 183575 6294967 7648509 7368903 5267780 3869813 8786982 3855315 3387688 6491253 6725584 5673818 7181416 1833999 5650282 8897459 3076696 2264215 5487775 4972869 3349567 423007 5983613 3087149 3989090 8916113 6529904 5571478 7556502 1577604 3514142 491476 662131 7162086 4686622 9512146 9585027 931724 1666119 6011317 2426263 770466 2912837 522605 2050155 1808 7485904 436653 6333740 4416041 9660936 4886221 6808549 7908130 7080336 9198681 8447067 4644611 1979815 766706 9088659 5041666 2863959 7048923 9239423 3138021 3259893 9435544 1116554 1370766 7957597 8061638 8508843 7106057 9995118 5733236 7263063 1931198 9487724 1419892 1369180 2229012 5566606 659355 291382 5805955 3366895 7733482 5460000 8313160 3338130 6602218 3097471 2441132 331581 1783108 756146 7685928 6494320 4673787 2123997 1896385 213795 5195438 1093468 2648980 3105756 2058551 7265836 3591346 6788016 7243410 9542850 2095771 8768694 3976826 284445 9347579 9353103 9884894 2178107 1855240 5223479 2531473 53655 4769207 9171797 4525571 6386919 1755560 8620457 1976144 1588045 7030256 3755906 458860 1333579 7339245 7778564 207319 3143243 6513244 69823 2254460 1131274 286250 1253910 4432189 3889922 7037120 8200962 648733 4775383 2416428 1047605 2672389 1726909 5578534 3603600 2679788 6724424 2553005 8096104 4655729 4682678 9378638 5925505 6301258 4351495 7493139 7178864 3222763 9857398 5937449 2048621 5972715 195093 2030858 3926599 4660469 7884830 1949417 7293655 9080754 76183 3618671 5005947 5084251 7242849 5054633 9060841 7207234 6591217 3487648 5796300 3579473 737092 2754833 235548 1363753 921600 2609835 7625927 1034836 3457392 7720829 555817 6461560 6149650 1650632 6923853 8507460 7102666 7471462 5716159 1191614 1313781 711654 3765416 4458003 4185829 1834973 1087503 1193053 4584981 9219619 6560319 184978 1028498 4144335 3173763 29703 1635945 6056967 196586 9352918 7859619 4720084 8289274 130746 5942619 4230501 1018805 4528069 9410380 6390462 6400483 9703734 63419 1620019 3015678 9079237 3072144 7276753 6858691 5144120 5163858 8948754 8390203 795998 3267247 1632223 4907430 9174265 2936088 4131400 8907285 5867433 9560744 2334584 4198291 5554047 136354 5238304 6709672 1912099 9462009 4235383 1537675 5680825 8519533 6782648 5554783 8893123 2990574 1455553 9798023 704529 4661776 2840076 8282291 4272007 1322449 8058725 6424409 3245969 2963063 1153546 9341720 9646430 8547612 5638018 8286842 7435268 4148296 2989315 2080796 4447894 1535636 7938039 8807338 5692551 9940855 5543972 5407307 6758818 5994404 2243893 805490 4173271 3466743 5719887 3896601 5306549 5054793 3328410 5737659 3446539 3358663 4859552 2649438 1561485 2835209 4209996 1233119 7509672 6340827 2667638 460772 9801993 1592214 2548043 8725394 2648260 7211974 1321142 5948911 9978448 3902128 3635034 8906203 5493498 4378207 5115367 7994 4236358 6951898 8409078 4404333 6035547 6750629 4324207 8858313 9912238 104656 2626180 8908935 3776872 3269942 7507089 3442647 1189802 952244 9888910 7616902 6269988 7586532 1247808 1567347 7822265 8786073 1095296 3165033 3231487 4375194 1294180 4482790 5845485 3008946 1322295 5404343 1580607 4776877 2952782 2864643 6791558 5251809 122399 4796650 2775070 4390827 8832619 6295305 3187119 3806170 9965090 4046237 1824844 9088684 3635724 5843670 4100611 2435004 7465061 3869212 1430866 2823211 522930 9150676 5180079 1487665 2347634 5063873 9231758 746956 101156 5795411 1692637 5504380 2291123 750113 1120452 6497678 2999146 2319873 6049266 9783428 9700572 8943305 7953395 2697951 3874841 448336 5957024 7637822 1663819 2405705 6849735 8034405 6940692 451530 4256269 1891375 66368 9979537 8881532 1908933 5827241 8309224 7756311 4719386 87221 6952054 2567720 1981171 5496746 6724207 496690 8967211 607740 3548615 5406676 6399098 8631608 1747186 8745484 4503154 81087 7474025 8447486 4913544 7777934 589094 3540958 6766113 4499567 2246638 3193713 2908639 2823255 8229007 6177531 5507270 318122 691907 1027366 7464543 243352 1191851 2496022 9632728 2283205 1023474 3381632 57448 2734083 6437842 4121309 6405603 7850364 3591011 3142280 7049865 7014358 2335953 1758437 3251873 8595195 920575 4154095 6601188 4270358 8075574 3562947 4605431 1952768 5735095 9755661 2598627 7438998 5589109 7064671 2345913 1872462 5759473 3247091 626429 7991927 5738243 7998743 1746765 1096970 2471975 8260806 8844518 4518214 8496780 4434028 4562252 6525869 5793663 6287595 523643 7883059 9585892 8551402 6374053 3626001 9827537 1174550 8636950 8576389 53931 2480757 7132434 657831 9833607 1839430 6561545 9403445 2164908 2841068 4528508 7215733 9176255 4555589 4936020 5924115 5885269 344597 8252396 8565962 4934198 4730186 5600245 5842047 6218560 9950312 3919816 4236699 9712533 9203672 2659267 4314107
551 617 3452464
254 526 63067
164 344 3090988
434 484 6951549
489 529 8125877
278 594 7579713
43 570 830809
337 546 5403386
572 604 1071551
164 504 2769639
436 565 3424075
556 578 3994168
535 629 1202517
326 453 5022920
506 587 3853218
389 579 9785589
291 580 7468199
458 619 860614
389 506 3131525
200 451 1820744
135 299 1765785
125 538 2308248
38 530 1170878
596 626 7352544
222 289 809519
648 648 7401440
24 248 9595643
548 638 4998747
256 420 3429005
69 515 6648154
486 501 6401866
466 528 3352044
328 530 8356359
245 387 8003845
411 434 8212378
365 563 9861366
232 545 4336887
241 625 7092327
168 447 9937919
569 571 1267835
295 414 4266718
643 645 375763
388 431 8895269
116 542 2765742
67 429 1468516
263 592 9783756
478 491 7665761
89 624 1659115
354 442 4259560
13 168 5806328
520 636 5025328
434 510 4478710
403 621 1542410
275 477 9251631
18 283 2322409
479 501 5481615
274 296 1096451
641 646 7840103
288 540 4572908
5 286 8372742
8 543 1651853
471 493 9126521
67 115 6042322
622 639 7737619
242 395 7576707
136 232 4463364
576 590 576591
125 625 3574677
108 455 3055530
621 644 9516672
568 572 1730060
432 439 7300036
39 80 618344
365 633 7229110
487 529 2916657
458 631 1488359
453 506 7105788
412 500 6234739
9 242 6110801
386 473 5321325
80 543 3941363
400 578 7206318
268 633 2845410
591 647 3236591
500 507 8625863
363 614 2910657
126 515 605942
178 623 1214445
518 580 9046014
545 607 9705220
98 500 3873136
52 92 6413556
121 635 3213988
310 625 437755
494 558 6293588
27 182 3335727
515 562 17484
135 560 5462629
585 644 9068082
298 480 524526
92 176 3011985
314 543 922622
9 326 7657087
63 373 5630071
44 631 805099
89 124 3504433
260 549 5704167
39 157 3150932
594 643 5390717
224 255 2403742
621 633 4344164
360 567 8169780
264 402 8491144
362 637 6521708
91 329 5621087
460 578 1649567
301 462 739382
533 637 8565304
486 623 1062705
581 585 1198271
304 336 9299272
575 604 1743820
540 634 7629307
421 518 1024847
644 644 984967
461 502 9261375
235 371 9705996
570 619 6500268
568 645 3984976
63 170 7174227
384 568 4490410
196 644 387360
400 426 8382535
455 626 3033265
500 518 1732393
382 402 118011
115 455 1602926
573 597 5291599
32 184 7595761
316 494 7028505
308 475 7850486
319 403 9502870
625 637 7437330
274 389 5113774
638 643 6412406
303 559 2181238
482 541 5919474
103 255 7089604
57 109 4275669
158 559 9203105
521 628 6238528
182 442 7028983
490 496 9457803
116 254 7695895
568 629 4939832
640 643 9833085
558 565 528776
399 560 5773474
41 387 3614154
470 556 8837689
412 495 8688509
25 525 8512351
258 611 6852839
540 542 1517103
146 467 4388374
613 632 4565395
495 585 6931988
515 545 952261
126 263 1294396
232 570 6228594
184 321 3694297
45 157 3153798
595 596 7478490
158 337 7420809
334 641 9033614
538 539 4109876
615 630 7228799
109 440 1969679
261 344 2977729
486 607 8445640
288 552 6608923
503 596 8043423
601 622 9587030
52 263 370323
176 297 2157558
644 645 9110889
404 434 7997452
207 254 5915419
258 641 6916664
168 335 4700364
252 587 7120997
358 558 4602806
392 596 8710125
584 616 8161944
349 606 2733512
270 547 9650311
201 366 4966889
70 530 2840616
333 573 8946972
371 500 643671
351 456 2503480
629 634 6900940
421 478 9061581
52 326 2177068
575 627 3049260
96 544 3218804
181 563 4628182
544 601 4214412
298 430 5043751
207 589 5037815
325 620 907365
621 635 141328
468 495 5153275
190 637 9234099
508 617 7654015
272 599 5637122
157 429 2538363
296 617 955865
37 56 3950184
342 638 8923502
300 382 567478
9 357 8580418
340 633 8482852
324 581 3136748
601 607 143530
391 624 2143917
45 212 6817982
213 471 3288401
225 373 4821964
532 575 3732987
603 612 1529416
421 561 4905333
440 518 5415644
144 445 8758985
528 597 882442
76 555 4630857
575 620 1077277
619 632 4615265
425 558 6423021
302 571 5611257
105 291 8282943
57 536 5119825
256 275 4060542
159 355 1361425
132 352 6162757
231 302 7110205
372 590 8368000
381 494 2291001
252 359 1299078
409 412 985787
596 610 9972323
34 308 1617913
28 396 7471174
481 498 7736531
248 258 665448
87 207 3309112
397 421 1336516
62 234 8395167
363 603 267688
35 279 7097130
462 619 6186129
309 321 3618415
430 452 8618523
100 369 8730391
317 371 363760
186 356 8389921
46 295 1229847
341 370 760386
558 565 8464546
392 615 2402731
620 638 6049366
634 637 9793651
230 550 6939228
487 598 4440938
377 460 8098045
466 643 9380618
278 454 2709904
441 545 2766701
165 291 3144915
116 342 6399450
128 412 2913658
424 470 7791327
489 635 6111233
580 584 4942572
560 579 7855109
374 399 7796969
201 253 5715626
67 281 2002144
392 470 6215412
560 574 8637875
278 348 5993134
354 428 577186
21 149 6029483
229 648 1237550
169 604 9395600
486 488 4533515
648 648 5935999
343 611 6164667
114 305 4509845
353 568 9247738
563 626 4985737
107 243 548858
570 611 9305175
579 614 5999843
44 572 552745
253 332 3053536
605 622 4131300
265 406 672593
449 623 2037537
234 422 9874
163 299 4419818
279 444 4886047
526 575 2046526
217 551 8298125
210 373 3056775
399 446 8872491
329 507 137827
445 531 140904
2 288 5488510
507 546 8052609
257 387 7718970
91 569 6329334
259 620 6188648
173 383 5322474
73 603 7087119
382 589 6181287
496 598 9798208
604 644 5539843
451 489 4931405
605 620 1437028
603 629 4468803
168 346 9661940
198 234 7400546
232 495 2975965
145 620 6335272
542 599 9328556
177 191 4122714
261 461 9789357
24 469 3517390
436 479 3287985
136 158 648472
458 476 9334624
97 446 1138729
301 453 2682068
468 552 9079493
458 518 1459537
578 579 2153813
567 623 4942371
643 644 6250973
516 559 8881028
92 216 7478540
115 562 4554734
545 550 390610
627 631 5053987
619 648 1496762
415 601 4710616
269 486 1935676
276 297 6713126
374 408 7982659
451 456 6430228
279 443 3852915
235 350 2997147
335 542 3298805
257 497 2493946
546 567 3053341
295 333 688028
42 524 7179375
202 347 4532179
286 531 6721662
562 571 8153727
188 358 8233420
281 449 6213730
536 628 892313
555 559 5506069
126 199 6746624
235 455 8839821
195 555 3227906
136 170 8150417
56 260 9601062
355 444 975794
341 592 8327469
631 637 7337104
71 311 7525375
557 600 4588250
15 287 4156761
443 530 1712967
536 550 2612369
346 404 8513032
272 496 3095403
322 534 2452998
324 478 2404396
571 597 3929156
178 552 8184515
358 396 85916
115 372 4265066
391 597 8180685
575 575 305988
322 623 5718943
60 604 2158521
18 239 8140201
419 597 6465419
630 642 355961
489 529 9671682
392 426 1852636
435 619 5727152
587 587 8957387
220 388 685911
126 584 8136850
532 557 8163431
380 491 4620722
404 457 6233174
45 266 1612461
264 320 2667014
350 617 6466122
299 558 1285089
195 264 269235
291 442 8271557
95 324 2960837
418 455 8189913
414 550 2514308
388 392 7038652
46 467 9191886
439 515 6455328
372 554 9601732
228 637 8192839
202 461 7817662
560 608 3417873
450 563 1838690
350 603 6591833
471 585 9747272
321 569 515601
452 533 5174216
597 599 1921661
240 542 7993998
154 167 888127
256 424 8364850
288 370 6836164
442 611 6963756
519 618 8731235
630 647 8043156
428 627 7337011
211 452 3057792
87 512 5211400
455 587 5718934
537 614 3590681
393 521 9075411
273 287 3686733
259 350 961029
385 620 9789753
335 352 6528021
572 577 6027572
474 521 2925222
91 282 9547068
148 396 1038196
152 347 3113088
113 590 4644785
380 641 9465127
560 641 5859921
81 601 1129166
296 453 6190727
60 215 7292296
558 559 1439859
426 514 3562234
416 588 2208631
41 91 2686857
416 647 2078265
482 584 6426390
352 415 6598859
286 462 551418
205 477 9858146
423 608 6670483
150 311 4864040
299 371 8721109
97 640 9295516
275 631 6827364
162 213 3117183
448 634 1578088
351 502 5733087
559 636 3887502
65 574 4248188
534 603 1300533
163 543 6555678
340 585 5702246
248 294 6761840
171 538 749076
372 551 4749107
246 281 3962021
1 316 3689724
353 571 8071472
15 565 4848355
141 163 8996680
50 424 1945703
610 633 5609512
519 548 2271696
197 279 2239248
