4589 92399
15318879
993977555
761674816
261032780
222159229
899206881
943247799
885752948
60530559
883705758
809095678
62763671
124030746
106600562
240925276
323730211
855716057
610697730
650905
424477967
560649062
122962771
943420273
697792910
630834322
431577327
851641992
418325488
349792139
11094454
222909863
801517386
590541629
288964776
406730811
893740130
796079711
611774483
134510863
374981319
560663923
21397878
98409256
450052177
430539370
784982107
688145024
352771338
229548507
543209895
339924149
665617668
351843155
321445493
56343822
775633614
879500780
135621565
101636555
347379768
395999795
620899326
86642816
277185646
407670302
351682257
669253436
755998708
233432084
313384478
271484236
904472185
467666353
750274031
202014274
625750591
133473052
78630144
392494809
793589319
854469660
266831193
82191392
940507691
702765054
982044482
463070346
550056962
578615873
70037201
522738260
795036497
186576152
741577391
498934455
446760952
15652067
724103363
637901759
799585121
89501296
788094681
454017250
734094394
973019299
518885019
934199319
805535972
830757741
381866409
217387703
392088889
231233310
42629857
106641625
946113266
834810624
674294240
860288436
370963451
361542377
757983124
105384265
7235548
237613906
74975459
565585896
192304402
688425108
737896681
794936973
470750452
141393923
642604055
672864974
36268518
415332225
998303511
617887496
277613790
102942515
638698958
270120004
997594203
282819944
125915602
532763962
298900524
856454271
786633540
805947155
451524113
307269623
104058619
969117502
60626998
19997557
892372781
212750150
178684924
514872048
485375375
827255456
919231303
846427012
150179193
350648383
121429071
941309528
973034905
222124399
156446030
618018356
157408266
80249543
127088471
284667424
285225666
37455441
252579508
19542
591741351
459936286
212543336
983920643
583920327
574351340
62507939
995344443
57001935
561423961
797872786
77847450
391953797
77637113
101022030
631495258
564160864
102370181
693607406
565632465
557079936
759294810
93355304
393585270
241169858
119537086
85613136
902630420
524944114
142574987
457046100
782860832
835949943
516256736
577417089
997771086
121141454
96894343
113755368
854372205
842759939
836766612
678255448
409969169
496857445
768469616
456029509
93546993
74397383
321070556
110325877
507279100
179508519
631781132
593684052
135125536
344544991
389041803
796037839
706176653
274741710
709181080
170999180
200318303
683325350
466119154
657731678
385930866
451191840
875216180
40234232
357568715
504636447
36575624
676420956
764141835
655982786
366139911
633367851
70853501
574422543
267060792
984204146
543629927
339958328
449022045
123248798
926327919
529314509
591238671
438139366
762366128
668437334
605204518
427250233
61003469
381846382
835237783
471252273
999798100
274229055
669522335
267320552
317219090
29264374
612133429
55922394
643756686
546626799
287683487
916042797
480149023
921162472
528293450
591831091
261030066
673066110
867306910
351515662
263185011
345546419
416071711
387602891
859528677
970620020
287697567
246141818
336587305
369980372
125877238
836180021
664847911
348652313
379722830
216030352
36249051
707794931
381062696
151240613
880509076
176865639
648045022
249091715
255302309
769768396
349818722
569032486
181294321
837215264
633931215
11682853
363831905
441167026
221030508
340716979
844869041
978262855
799709141
521179531
665181896
200378088
397237561
567296239
281241170
905560637
352247754
278121730
413869098
187043476
686562814
978406913
800478821
96919183
104499136
571579198
520744850
49916656
2676962
516344132
655669132
266449187
546326150
211650729
650327319
961587798
374769435
394662328
35861785
242904830
410527071
762603828
586315382
132634528
713999238
725464124
323840540
569350411
990965388
809312308
777291153
1830495
116568404
381263340
29744429
21825068
552092158
893172161
66054443
814065293
651892024
588599431
596392101
223743801
759562077
541334789
827598476
814930405
433496862
835656582
378445000
14378015
675428553
959768332
895726814
318780882
323588640
363104450
559159104
516145382
464524062
560089392
73423876
206208137
859386059
609976603
182833816
566713699
994777947
194036331
827564522
813082632
127801350
663969806
663424655
290803021
964501918
119369329
859927743
956171691
352219607
390155809
412794182
330371575
590091079
305658611
775545599
186425731
478468656
990297227
260058873
633358026
385517970
665372716
799674189
207235545
989109523
968576325
478739627
367885234
892871633
401146896
975961131
436534521
646757527
813551488
762531213
991751324
717931104
551563223
428649151
514874696
706524852
297009721
762648909
95130541
493490048
957475449
277649374
936093396
215541017
932001042
875473835
395082208
434279554
534029330
860102145
864108930
644295724
187988988
223098266
681025120
826305180
95788656
69043629
390163058
990006641
144534185
684165769
425936678
232489862
801641031
975409803
323659750
53015012
941432811
272468137
801333779
480573482
401363430
43603854
503193250
829435129
164544963
852703067
195887597
778773601
571045966
475407445
875433269
2703629
409665180
628716941
407115720
411429777
725637679
360964812
185154402
743629697
374646580
212989785
869459888
12365735
692295420
71807943
292854049
725770424
420742890
461647053
23658721
926369061
185229260
589979456
431018298
357441098
838745993
866825845
962071635
635400224
308811015
641167345
21275243
666299063
824285347
258377086
922206669
56203921
879657971
88566296
370464779
474250277
855179628
854311326
840203438
243349877
107387997
129256386
64445379
439981338
684417181
153309693
916232929
920762929
659898233
235144223
50018976
281419999
285052431
607199976
60150195
512694380
83325767
939764684
787025951
355752877
593024001
646948705
729691103
419065901
42559005
468491779
422561990
338481518
89622684
129778037
220052909
233087001
694566132
323544773
138162261
323234733
797890188
776301663
936987235
789431674
44103963
410898113
338162752
944679883
526092328
900277834
176730685
34646698
472922434
869958987
393045158
573166743
734163253
746613488
802080890
468043387
159386492
772326238
654378345
913231079
953875757
808559803
179306078
252815367
822317767
729860065
669660678
777469145
257330401
839385887
131859656
41363281
855469183
284686787
941828921
367987330
904418622
917298549
882596867
992828568
502560231
872861813
946441770
605634670
467143554
449667658
974102718
921048971
234177463
867261787
249021310
479340438
899527904
296517035
642477595
187806843
85215292
411552489
274577539
186515370
831207349
351222036
172219741
676885433
444495823
24545124
578583211
582733012
804061590
390747005
299686833
100584856
572663844
1214246
960659287
989022199
84616115
967385930
603203608
833905390
151522375
667263046
202965392
453550792
361117323
953185206
307697590
849730281
69493489
815073184
18049596
595054212
682933419
435222822
719003651
507293182
381834149
139322480
701827518
390838134
981147621
696350670
189589297
362263898
820095171
711387914
163860637
259917273
724597173
247942113
75871612
536468858
532818116
74426417
585997331
477223429
998888505
213101711
627119101
746265825
885112503
258127538
911299190
987006947
911958865
169506884
656755128
72664857
44447326
97315025
691879866
738728352
134795021
740435755
916573057
587662486
446769000
463674209
218300357
587108519
163734926
647127675
383517090
534966767
922763927
929913350
417109501
873888490
546297892
715037235
67632782
883630210
368640590
980517444
964343003
292973632
135755032
285813465
837141671
86631175
529622710
103958192
794883166
399313638
315004126
200220607
118868588
373127745
291203860
544352427
87157574
841553247
103909360
270717398
761176336
20877491
163142899
164619036
844558786
93126365
65251496
696009776
478312601
187893150
337781107
755348034
889351965
389676919
866601668
457969337
641378572
924698177
398102954
512571763
489610883
650505088
573723308
60987280
921277742
698619468
282960665
572453833
268330911
704349026
158775565
896097845
607772386
994146011
6388903
756493412
813766461
920317476
446807789
418266574
527444721
144944823
640938754
575663913
938965871
495073741
59715074
211850731
251121462
469968506
591877512
835157075
458391068
266776257
162932091
365351647
208289848
901838923
254605671
879043782
753991620
261103203
404538156
829720472
136112906
898682685
238405130
573053904
343923103
785172859
492546658
533491931
887951956
608384578
66583210
761730124
780778477
417790482
986657022
400988904
341261971
585132428
304876122
900501526
233255123
653828922
58220923
965050546
974738991
471821329
136738541
393085414
37236617
433424688
455846677
824083630
97187351
224981301
319833189
848292535
285892707
888652185
408715242
77791248
798186480
685840856
450667117
817345868
977094330
556844260
811468306
693082199
96894445
449977217
404755153
163920557
159610668
996017458
920814000
565031390
517532698
44470307
180980294
758993250
572356748
281123245
281794059
433507951
7265552
125592255
319053454
109863479
18779455
243876438
461140158
585734355
345473636
220793912
352226453
116323615
648449060
141411647
818560367
210548448
138589529
175219256
432378557
930257019
216782521
690552951
307815346
209511562
842661310
272922900
528037984
347740496
196211263
710957062
403843995
507849753
206544024
943874195
157232023
136815911
300571815
339238309
745214679
729686462
604147743
408390680
211747985
3960330
84824156
166005032
706985649
454293702
698414855
513966161
424557993
347450077
815403583
526910111
910480411
660861947
210355338
765767806
436766657
330993430
737128326
173904560
93762574
890388980
279332879
996104246
270471938
88926388
752662412
866842271
27066029
98197063
102401804
988426995
36882274
838221941
903981134
36782662
428679554
903703658
537519926
553366277
414600411
219876820
558644093
955726202
511834275
451501479
250911856
906598226
690589618
893362977
583695419
986809146
442750553
435490556
935781325
627677095
123406998
349799908
489594058
4407257
934169363
277173520
687624301
397585729
620430736
945180319
415964707
773823334
542273280
241368672
606555730
496688752
298808288
517069782
415490325
891199603
793937720
441936117
881232478
476523786
877765066
510569884
74892356
98979696
722114309
539310057
71498184
48472241
348830725
521960141
397915499
151887286
317725529
885849734
307111619
455870819
146121850
122394884
745423788
723367325
808069544
80021888
27948856
784339660
161180331
683351234
902175212
595141898
903829879
662137325
642707813
392592499
494033701
855692541
866761679
789371238
125753005
642477869
572599034
295548540
257391205
508016672
679054039
705386009
913480238
832691543
376062094
147507976
69730072
845239654
321632804
737856960
208335725
325595016
871779899
453264042
518647722
92973233
188551011
395010911
185622776
562261267
446934755
435348456
71597542
771177583
961692764
310468846
620394844
664407505
309692307
352928304
990078506
319096718
269946063
940253428
752654592
415012881
414371685
878564971
398480253
322968412
762138910
513956299
710206156
36672531
752925327
955084729
504556011
309941304
963227019
705060456
219581320
73742937
654951206
236242484
850626577
637647703
585166111
60220565
939485024
257321563
397532918
210560252
690995808
34469245
322039301
641354470
917987145
125763714
120158151
685944225
171114661
774851783
130871752
477052792
671050224
673757569
782462552
890426374
583054600
175803589
101054123
693355152
589633605
120545300
440035168
523590401
685077220
207321849
864804965
113059149
240063936
436441856
527618151
989796106
898707670
153955979
924758848
375054931
303221177
30592055
561858154
919213180
535878720
3733713
524542348
535271225
153747261
148198356
396843156
660109777
908828571
127696662
291400419
720906572
775331009
66697956
327158574
627526402
526014012
246382903
668557473
120602423
990367263
605556393
120314985
47772837
85351114
960698116
163932577
189341629
623672899
773190997
235139445
460323429
173240568
278485054
152820395
76774970
515669588
200881337
950286454
157742455
52720935
6974745
368334106
483197509
469325442
707126437
748672382
942007519
513578574
576223552
502416138
179688042
309518886
633964448
174636463
704690168
5186325
625007750
695723853
145377187
810424564
407144631
389039170
471632010
847159797
384104636
492162351
766259619
391365756
67504185
13472134
758089228
926516307
910299207
117405152
951039221
243244171
284613132
927903170
287528232
504857644
661587529
450909401
715311953
457156719
680039383
911435279
780138584
554609899
696787161
512286453
987983607
784940543
210708758
220932602
23019581
485210727
638444768
335572233
482309475
308347492
759238090
535092687
350968685
974455478
516913787
140946912
925977866
854406663
908490112
102190164
422022191
482706505
518710715
144941451
723205659
855987334
526201878
12738135
911244159
344527139
938528184
143568807
728386969
669514022
2716861
664588081
599451154
521240324
127501093
690056737
597921498
476416647
909292031
874596636
860947614
922266305
810440808
820382270
458537429
501846618
273651491
967976751
295197941
921524053
601311247
88435356
526363625
63914029
227987693
344174941
483077404
975077928
902260462
28044840
413669631
423528868
212009259
944029960
480204354
866374195
126282690
356427474
818280490
766334935
953849404
333334825
336751472
573781331
777695505
135096878
486494783
170910674
873046271
832834462
510419245
633946291
511629614
378560516
847369165
704953383
942923905
467876155
620103682
439543865
173602088
839249648
939576907
889926976
583199950
462226775
163588213
564675355
854083275
585243048
21974420
806420959
230075420
972945381
198931929
423744358
146887457
352350872
671866463
739180326
298092123
602218504
102827328
232068336
426435132
294118867
816687348
345354395
812405595
455592875
997139768
807050772
955486700
317954958
565337779
789834265
951077551
183273962
49050915
872361064
724063602
605678598
741877564
633305909
321307756
138732608
436759538
360901846
757740820
426439654
114471910
224960470
754278022
2591829
268925840
161072182
47544061
920662169
193242281
846356961
661757584
893913475
964519571
926852665
901979232
382585906
195498490
522410348
626591952
652534807
621669686
534273591
203794858
769101480
259302670
953577004
648571550
322229732
853066987
371260341
987922419
468973490
639666812
457114262
983226671
694298796
569412027
708642641
869573293
520685591
160783189
1145541
294114429
228118054
300709569
7027833
259375891
444750276
749898724
623249106
513289091
54287803
545388035
753467864
190184274
42838306
585231052
651952798
951542069
887418770
321643533
540791186
827159596
284751364
224334392
256147678
635361352
802982589
555928540
691236202
676771211
588022900
732783849
592830617
443795076
703152348
864497109
954459627
408230506
120483554
438200796
45894959
774503672
395057065
808393988
219583731
660779872
571586509
339915777
431874287
412920443
429911179
689954769
955424215
470446868
606413033
684850865
918682885
653666411
266983226
263698438
644655579
225353573
78148640
115279596
928639004
786159428
689087673
317453855
186761944
388261070
909742699
527755051
348610883
300523695
136623464
947239166
195015400
658827619
947044077
388706400
547379989
553117803
340556551
914759425
795386727
888995247
437526403
551228978
705638405
998495380
478249748
978492716
981722072
402315459
371735362
323980684
330650503
312676006
169673713
264473054
538188007
257536338
191350403
548551285
250777353
510792585
969997444
997141179
13179216
807101359
985794379
181550031
962161338
12803741
205401236
856813924
40255248
107984815
955184385
276029497
326980432
395235852
25847783
24816131
267094764
151569020
528338398
36258227
771124426
809950477
805499532
145203007
579268791
915885930
783384022
174246651
611080353
49131996
146627047
567501624
9330754
933766950
218629227
173306455
2538728
112521544
998394853
510209331
253767963
595992155
872589549
165214657
280303255
176944883
912376780
59992117
410505727
663339962
833784810
858440963
193619595
156151204
825805717
129191465
470681322
71545285
738993540
393264249
572606921
754892127
719774345
326373882
341502648
257676046
146675420
585742687
287039982
445257699
601106200
69084079
852008419
28209156
282270509
565241191
259930235
332168460
821052121
897642811
780047943
555680587
686802139
842891424
717778633
121182978
223578485
133968328
599999490
399027818
945187400
802211661
610986452
333573303
107856599
644907560
862468838
126037836
930574451
548003005
45442212
395003159
621468896
466513560
787275461
898283195
400132614
649035614
369769463
363644684
806012438
605272889
169671141
59488074
812760301
870441233
464342606
491306120
279456843
815184635
856662830
53690705
366052759
119796038
685425806
518303140
890758708
706665674
159068965
339693125
494910820
916489346
849188192
650179662
829401613
471276339
785608260
765247357
64908580
303896834
972469062
105217243
998136573
17882219
963938088
166558571
927911780
278660973
281305565
586530287
888044678
286150011
232605095
871713113
387423818
546303541
582960639
11843801
869851102
746939335
860534836
588614984
979657086
415258959
742763471
848255630
956592817
916754041
111941108
77676243
625988179
8957078
52036526
212582509
992855555
113877507
567754257
809273011
323802477
892457635
426085052
642921425
579010806
786872467
65565710
900714782
712230018
69030670
769347286
477692985
610032256
936255598
153955388
469091517
559510171
941216774
848825681
697426344
484937113
28138779
965703781
828749736
86040465
647470736
476949474
178545200
363183640
850732281
805427060
320646031
590139761
32816425
238708328
322475775
391024495
858990499
576334074
926552469
763725351
992257875
843036063
637725973
872859913
562440102
627803144
745627126
863737401
603850365
469211372
782246855
978672597
201904421
653246340
571025148
857383558
189261979
410984789
53272741
612213227
478092235
973947722
451638029
542145060
915112496
285118406
985810435
505781386
413969579
16578856
227177420
653000386
290197297
355190737
971703790
315119517
847058955
467460977
990547248
218293094
817045496
307915380
689354442
458907103
19995510
164126220
633528717
170784422
647834189
63630746
669808610
75262694
827029671
488262812
263292742
776395941
821739460
628249063
544348306
381915505
274575779
602536445
605211027
215402048
266973503
110982454
573600703
779717059
739391995
419958990
308204227
100237660
465391551
450835723
133364363
808086268
804118900
399167580
218985769
105014955
526425354
1112920
195803881
194911361
688190043
359641560
116002882
334987436
415401819
830396304
103889301
322921110
786785584
969966668
687368652
838675516
757600701
310349644
907489708
633196151
228872504
998421153
341243237
427249478
242951763
212168213
322537089
856520735
961823959
210516353
445671233
86098880
617817914
884550700
487729396
379955855
255784677
5357827
108839231
605929771
962708645
927262500
166865677
555438370
497160820
547655571
618555001
554733803
630822505
609830251
120751505
562689383
611990877
755744657
915791260
981528016
873265224
762192984
937154094
345143090
562354427
847556304
291751380
52939018
250481943
731308265
378303196
148708516
599178730
810683557
865840479
505385255
30836413
997991307
828869111
724976294
90399570
616442753
375934653
474147953
313324457
299709490
493882640
34576011
868214672
247429747
326428107
328480342
266847513
863580595
802348508
496561584
65727889
662520346
444388450
200422078
80902874
82116714
771759099
3345145
963023207
813790318
659732920
891462696
995515966
941671094
982183199
448237145
918022558
705076311
991176806
553920847
25624882
328184545
363864660
904380852
269552965
694087202
29231969
243630199
202010636
523251016
259703704
613369678
221256527
195942611
552036620
158517405
527587484
396064666
534667481
775288250
996426165
267680426
940449140
796852974
249426672
775594597
157784616
52798850
116025531
196841921
615545501
16377952
133094753
750939189
996147287
218489914
59133872
908497142
705538586
164944299
450575245
141664494
379629982
192426039
757164782
763296114
421270418
784496581
31113530
28826160
471841482
460397260
891409968
778656216
244517208
160922056
230244970
298724495
2223977
293140444
65508467
83129429
790941733
100919581
682902203
860457824
162904037
196625098
147947397
893165839
971314810
551966230
256242747
680521218
425350435
635848574
626406651
275989942
33571162
151030315
928540276
800372398
832732355
797942456
576300972
125927614
471283312
800942179
596390521
860292339
51809217
431786820
120739591
590545279
778212023
431943520
426371544
400353394
635011795
126143436
742972900
629815688
785007294
597962509
879073464
107893180
410384227
783923684
145817542
381922446
934028149
603450342
354841249
662147646
779192535
183405136
662620381
361184879
337003924
997390249
229923863
244798996
667097157
475051782
379646503
246777075
600854063
152827624
536844313
826936496
989482973
584890441
985771848
448116708
508317663
726527440
930285499
169548328
410286049
734827640
175912936
717190978
411407022
18670176
4693691
132833955
518325847
751366528
829961129
507625991
665199893
892884633
853089125
628128985
372465354
418272392
459345756
67986668
644026537
473025923
491839752
893965820
357142052
392552402
608557153
24001163
814041128
760305921
149047071
268365609
716233825
712025055
649613532
685644235
719028191
163084591
523944319
278797954
722701196
120525209
435004375
81968197
893659686
783536885
726136160
348876808
500647874
592208953
514670169
658235292
457208290
584087361
850781249
299507398
986614433
493158398
691131207
986728194
386846848
91620220
261119900
281241216
553150076
766706952
877142183
950642341
480159329
650199530
117456020
923704812
913995908
99030887
121266243
626451457
545611421
645912625
111163238
76040607
741318615
595539313
585241352
192817071
474125023
996677332
689296644
522702261
304716886
41929402
132060461
243779504
634271450
922056339
967275351
65185613
557661916
279650360
616484203
404921252
415772817
607904179
155670921
470427279
578291652
19868140
476195127
487894400
527414667
884403577
352918102
285182072
510946690
559571612
910862824
235876636
817667610
919085740
876009224
601791816
906977859
706232705
135471488
357272253
90197026
247073026
885418087
86839785
519761423
977165583
991391126
679087667
2308471
233946477
524819886
354580912
780640280
419398971
643354442
319869736
719803331
837486799
697355360
960434896
953606848
541705229
343294256
814371606
762754130
881539228
96168319
598434202
919174306
299764094
199234000
50952432
222255851
72449840
791865613
638271846
995504171
208821025
815863168
985886929
547642652
407917579
278382070
674892765
818013887
405483373
453540000
953847777
195132231
880232054
420410832
597642101
68337276
835071236
230314868
639290745
580577204
339311820
437199170
530745119
728605853
692549562
879429779
925612274
375982615
970691841
547828675
210926312
366773498
235852674
910526367
845668024
374401789
153827203
637251798
692968283
514164323
225235164
467833985
392624746
57157524
819102895
432874214
960416881
873973558
280260696
783285282
465282003
618535022
375517469
923187225
704776811
955299430
786685928
213629765
374007944
898777033
484984402
86619058
591336809
470542769
962603764
392008532
591452767
845434227
788302664
817627111
94936175
908236526
936816177
585244893
748351131
442945420
231113153
96529437
541053731
140404950
732498794
115479000
215867586
885989714
325054919
796220375
36307585
589281868
855757028
191959337
591379106
540364992
171747552
64555607
177922361
702106534
824490861
62836444
198594626
79928080
784373670
924391796
557660142
329017671
765942009
632118330
772843324
226689186
240739875
149531318
966682866
991615622
906004133
926824289
915756860
283799967
192858976
682706739
691137475
671283729
608701646
981180067
149672027
260345287
407120720
875548393
754161873
680055462
613185834
305485218
963048109
314156610
172511930
74251129
344529414
775899509
261208027
302596043
800669710
383247391
1620202
42955736
526624150
70101041
19491760
646793185
335411200
441878452
665926119
561796143
153730749
152887581
67565506
563998553
79399761
194150842
235698277
760996229
394482846
103957655
799314206
839874458
373600736
279320970
685735949
875218383
353370465
681977864
431560695
98811743
611613336
559301176
283161130
992510008
229745822
190591189
899836244
851066132
617235664
231281770
982454404
773925247
145772659
62643915
774877644
616053388
562454097
488621524
895035756
884499927
402336249
650980940
153327013
484183307
792316888
698781925
808505710
474858425
453187074
835067406
438000415
271550036
13210967
149536012
685820251
169809170
908808283
36025031
386743624
401070558
223997491
12220930
962844521
407671317
738881951
183655181
975136976
141047437
509005263
935562167
549015783
405868576
276413354
924951398
120508467
351640931
199341031
902236665
931044160
655217603
637386860
54096635
482683601
716134949
262767391
942815680
939949362
475801410
89875401
519727570
702850661
80084066
847413457
785264039
715354541
650776926
100389089
449504107
251647376
927693219
307675088
236578928
693122182
790678444
62523552
534888589
917145585
518255602
285446029
312977909
66203054
98111002
791397989
7731516
325268563
35839080
51047805
352291305
635720727
675930025
816572456
544789013
895296904
855697927
334540289
319445970
637783934
215064108
236148069
880128127
965561727
510537969
277955402
273289983
394814281
793189767
603187208
33763524
214204955
842554249
88401695
109104060
93309377
243741776
449999539
777815417
406372302
450029027
539464662
346376484
932494652
195096881
756224418
328106465
133660899
562008684
475145088
911567530
410755536
101807942
831999974
628232174
388069196
314633103
251759734
360175726
879132594
528748607
780075244
215481211
518514098
677784057
498962191
81261811
62227431
178113046
775844193
18407410
670750987
270045323
199780011
57565930
884353993
998217605
743829918
441978839
915147306
1201026
583266221
782839421
8809506
930434512
316377787
411261189
1272529
103955284
209332355
923790251
747484443
698605978
212383104
889969297
711481065
41133912
250095446
325546428
504296371
596792143
462351606
955078267
750624569
595948616
196011229
636170650
38684557
146423018
670147552
806982831
200280188
712007896
343240391
976464304
984987112
850610452
424301067
375428828
329158079
510667554
353896329
429097309
436847051
973706974
299177184
910993296
722521681
437765721
555515636
785938687
863770744
311018208
66418174
15780699
997387034
470959396
753479028
75454142
575165151
526289171
451894437
648756170
951465011
269623625
556196048
134607847
144973466
226353240
528308994
263164907
382336416
738546988
573665911
604455954
326585615
888470608
879933335
866201859
924063419
343631958
635817360
13672976
679982401
663228505
632944286
489409890
501456657
89898221
129826875
566274058
148038024
161926380
259183328
813942466
799910364
584284572
640160385
44298842
78363332
905138129
181742180
597232008
53331517
909824490
917829311
323474781
672151007
829404052
723576555
686186671
18027284
217223304
831471432
795284483
476058763
560440149
654326437
279956404
126259714
563373533
655103907
812785371
541333308
471750217
328969128
571793124
835156403
70463642
614584701
619775248
670885674
35462535
676263493
487512770
37446517
332767047
463768110
761362625
268403852
928422200
539134133
687783971
198130631
377867233
358553960
571260616
373975006
209654995
779413352
921810528
321838175
170200463
951291680
519509102
984667332
350648058
166920064
152519025
585657842
471935163
975588217
201789684
794891278
704669478
345529115
799417585
929539439
225495585
348011650
954297021
586058948
563651184
871657902
55484514
865952957
389008350
288529805
180099625
578757793
649775023
312541105
370543003
373909888
149515446
923050669
850713507
986103720
151823377
742052520
275922814
159130120
755483083
464180155
653449726
989450385
704534245
277990465
434935592
374341659
333675655
307067045
104004819
993677169
186451993
917129679
898567280
245342968
811488403
128358457
384366498
555278572
772124077
501755450
894997087
791045952
287300409
870172386
550444215
445945568
316133870
179278247
937654612
294858918
167013126
5106210
893720855
515625167
639088440
465951301
672676856
278317238
520395037
23191823
817896256
26649787
344328032
314993240
334184383
959823325
390768427
685825029
578205236
605094838
540113257
479566105
196243662
4246176
341763276
581481781
556847791
803224450
149224391
590414860
245050119
800578476
941644904
162005143
681078775
393185059
108486281
420957430
283233947
480567534
85428747
992717013
409717422
211353193
153621791
764179194
359453143
646522133
835741112
475271660
230770964
220638101
745730231
839466971
753753847
774053529
885783900
99692563
40883240
986138051
999303921
206535675
454551755
80084053
282430328
106468097
384193301
344437142
111074683
272654596
631615597
517382964
763886093
993097610
901549490
512236308
126176310
931806590
857856755
534820478
349114372
306255630
742818408
793969801
910597628
722509875
560977038
68958645
105571005
674162140
834629830
752043769
566658595
327671525
415700926
944166961
471338013
269408741
816487404
775767727
78614187
178276796
506709162
466551008
558081978
801783375
404292576
988972318
376626050
370127725
629060152
713680954
17623603
406356478
598859203
701680941
805509985
734035540
252704206
156648787
348071239
975155355
524048155
573183563
32457527
300549802
995684086
45768342
472276453
917629155
329148980
542599982
706052031
55253326
808823441
976302359
733271812
681450427
848136117
350684339
121286971
843381627
317746768
304747483
149530481
826693971
323052403
25372816
339568958
728293212
305595323
623752493
35868737
292870976
742889529
821324501
813189883
479425510
907266998
645025585
393711945
61442716
316161211
161364524
760201139
656875450
877800586
864298398
662417921
954973428
613328314
856231121
442938694
489331263
460935576
229145165
653444029
743801943
303554779
714197091
513713798
512025219
90675717
155167349
79153992
740475262
40937001
552248819
768496544
637904421
866135598
683406435
195576772
107086531
307943804
714472763
718140071
707743680
230674885
828887531
103764666
85336520
694347885
933298047
852214441
513717277
374182070
36148014
834802779
215148716
741574071
235802178
709739702
339208004
561744795
736174693
629723248
941830059
473380858
760839818
910079395
629196779
736204248
459758450
355329530
920705209
491428305
108991452
68926635
869099578
119546552
83002384
98532427
180938682
363800686
443531195
860501222
145514054
112100937
148505950
367878554
29324779
500599278
876808769
326846613
753728440
434823269
524211374
689824079
202898915
612152241
916010753
922221027
47058613
243591606
524681154
216359855
113886133
746515292
725354422
582608364
226895914
625589958
499431683
896632396
446131301
92911486
77460434
647658271
572393765
829946364
100585885
64182688
627808079
35163882
332525216
191397728
686166000
516201342
466399710
828689839
57953213
583272658
56836700
499765655
530351112
198613268
734848995
652190679
979618814
291001977
938058485
355051659
489523251
924155677
306299356
71711822
873944293
274685934
417205032
44480896
780740914
873210872
496140465
778076905
923876344
869451940
606338191
879781393
739282226
731783997
438793214
266522235
6494701
119386928
155526566
544121037
317063120
41188340
959671430
762915874
495653220
719444509
831094368
126746476
353451875
987518113
806603647
271663707
615501043
963650491
294096681
837007085
934717290
801283250
183518191
938629373
458577007
136412520
729890339
889260213
176770265
990605752
789705223
732952325
487638964
118248022
112995481
944953698
433768634
905831187
996512094
441285895
548945686
520247042
619993930
996049809
124264570
585687317
984923818
377080289
626842865
434995382
372369718
803276988
362659433
158861433
97012140
703309288
331593265
981785391
933358430
532918073
146173006
890563576
498310390
186357672
796485399
908822837
228114834
962571805
361673174
523175043
833400812
124851890
885048844
374378808
498945746
116144112
751206642
972176016
467481885
475824465
639636405
72697252
378629883
335536117
72612750
787030080
33394346
245673708
153950777
314948073
881285322
349416947
552645556
341547254
261056128
55784944
219395428
157056018
81913568
80822578
141126154
869931345
313123524
380565601
435620210
363286552
21592249
259697375
185325381
166545368
997708101
867360829
230420083
374754709
555638611
744219393
862641108
28276306
494457691
133369922
770726229
841468076
741651682
516241683
611338052
521923299
512690533
580969246
156859590
828311213
347731280
526608450
954336357
458753315
846667787
37049731
814050504
395087083
439137429
794096506
330551730
392744382
146086275
100636382
630597240
588745024
957848216
471269842
361168650
441736843
439079575
291942520
446811408
828255281
601242952
652851375
189301045
289163815
948545809
661935480
485588721
298441962
439254847
871040681
892347803
593491256
225473392
321822722
322508367
505229881
532496450
840271339
945146881
703727570
71804061
520648069
663065522
442450069
399984236
367570807
778083940
111635754
364943109
429602795
891931389
890402322
157332258
514462284
844433342
928116168
867032573
762770143
8607799
691569853
51055304
57786603
164028254
727004516
588539380
581071448
276595827
25224643
958301183
518288314
241258407
28470793
98518628
69107164
66693150
790984608
78913060
478985246
924337915
948923069
590519245
988527770
430407720
387970473
764583987
316755484
37696283
162101866
344070923
785845205
788676711
285455021
689882402
109739904
518899110
502443875
90800438
388348700
516422405
819032122
934299396
92246591
54431089
609189002
766474670
347025611
14721208
818866571
460893441
65488731
918446063
677910855
827327055
537178596
537975628
105628679
995364550
559224965
93498861
128221199
413865604
823294528
856948391
427906760
419356803
467782290
543713133
418432004
44752105
150507102
534977183
858337126
528826062
26914582
821559240
72049512
177315730
223954321
343473879
281344374
173440015
444605853
278584885
794156746
551901079
373660569
932402358
21878225
586245567
476471130
988172483
760818471
955173070
126502003
184933097
281002719
220821421
422228342
778495823
649471541
365827161
658418893
45160691
575359025
870121135
949304130
865234619
408109232
922701032
530214904
170761330
213380553
365707210
496620379
340984839
721928978
118186278
301054116
439107053
894731952
796438975
698535597
654185501
640471979
848901583
322150227
278938440
997900567
76558391
506965229
106909399
899663447
594732014
652792988
56419247
282599715
418672068
165029562
794699052
358868652
130789244
517187798
259385270
13633636
547183150
616428066
812028305
77711711
80056500
755050965
843982569
187098554
99207389
286719154
893086205
676886454
299440173
739735015
466342117
241934252
650165231
549600086
845768314
806132628
129500896
13969828
504691764
807872098
222004696
783347217
943923735
465625818
49807561
102737095
783473753
240853358
250923702
735884337
817812960
573790303
818660485
669641688
113396985
128009955
960802862
920456189
913055464
167602533
270498123
212242839
995877202
763287628
638709161
540271290
589070976
745768454
954855067
67454436
720736721
832710397
686173348
952805010
190356238
145341236
445302510
372829513
908038986
292268805
427782964
871230866
699335998
114694706
351508377
27122938
477925137
897971364
447202367
97106028
19353782
644737236
938011324
992448810
287825121
990930623
120969986
630802296
864479483
881846067
393164472
822745662
560080819
214501439
331997306
437697819
887947560
577330264
255735263
911177278
228655549
540429396
428537590
889913184
56826287
668162375
682048491
318791297
375444171
416392702
917740602
453605021
798088703
280459973
503829178
772507521
420827063
689029825
303452805
483541671
92430140
157274008
929831454
577259348
765036880
391693766
467643705
461021865
504083164
703812744
405919948
758813265
598643679
695114134
488955125
302310355
39682387
786051185
326721241
775908511
769749963
977268454
115511637
485950616
180839659
842757621
629888874
385552083
912380221
218709347
500737679
320505071
125899133
375753675
988794731
240188640
533416800
539812375
630339494
924326921
555237597
695841705
862546364
128002286
914978853
210794568
677929562
799594363
294632336
631485576
632251921
577214007
403458994
962057940
370264935
174892242
622852400
976195844
61868067
441609769
180856548
790060995
94654790
855332772
723085470
54513581
475137380
878110034
654767821
770601245
882474504
208511103
638792543
69077122
599094960
236398401
165525494
683174548
663248392
551426726
609152539
983033114
618928415
129235829
836575830
734758332
303021937
418969798
670128311
480218440
981717693
973124258
119561335
358635548
62257126
878441209
457443125
719560872
5415692
287058590
807417120
454946702
402139812
96132636
840187566
750876362
882949428
352808649
906377772
575374419
830466374
690277227
701048922
556143662
673866371
895966782
340534006
222727417
371757386
834654248
428032978
162119395
680724290
386295122
906210276
678200733
181805883
271517576
351726325
322882129
159089965
113636036
253187746
796397981
801608877
699315789
887166199
655087068
167383399
777249382
348183877
351038100
286676278
557413388
598451911
242442420
242258824
890926808
687175419
347723327
529542679
208848211
426703756
293355903
351927268
488454200
341967534
534662531
994669553
438566293
372142856
710826654
710523402
93807158
615013882
817532697
140411052
901036513
865021916
207975920
726854068
268050106
437868237
451521185
665561329
622432073
405151225
371474384
135198215
918016407
393682624
111997166
675909942
198330336
36671934
439109271
163233768
674389964
464439625
822714070
596759571
568226957
134863288
260299770
645258650
735103174
857323327
246063737
834420396
583369964
226811167
401527526
477348429
547559376
345022484
149454406
815173031
39601265
312010696
550406887
944243232
179801691
407613333
813032863
686698149
360761798
67544674
85684384
38388990
415258540
237360413
898325869
901373648
431026047
319901438
859394947
789759964
186712399
818693018
144104518
716048081
175434194
256015826
701555541
303842995
139076646
403548534
470428172
578365888
945473071
442907923
66023621
915072828
488362507
243640160
132022065
860618055
865995004
96399671
171444362
645234011
161234083
422958585
124211680
170844749
310763449
413881944
762596857
613677802
375090723
655863260
558566996
506407356
121854874
118373476
224194067
450139861
210585645
592996234
545753939
839923553
953254291
740917055
596573141
185313439
178461206
693657279
252694873
825214480
735885108
672309450
606166357
796182523
726741186
221928120
66625798
491754904
348118757
588266393
167109955
701383486
420504598
230411285
84139401
516208784
503055996
353446858
657985263
482568291
1460389
156717563
476285346
324759399
289129575
117227419
571187935
733730428
847044638
673861780
72082622
985256744
980411212
113842124
861614497
938626936
586601392
493730857
452452322
590398326
452601815
325433888
333785053
168164692
406603413
621207730
692793653
439170413
373277744
545571954
842400781
182834724
382947220
154285464
567357956
5033682
456279386
811850474
516028712
800714680
67320193
978408341
681993761
891864572
750222632
873863421
371355945
876685572
873489526
602250465
867256187
348329897
634786134
922369902
286615380
950514236
859569435
286344931
971368856
913080157
401202716
849286196
926349795
594793045
775342368
401525364
661699972
746044843
45657703
789384709
861852317
584172338
361668120
388321354
427989207
735162057
939053371
909993670
451125455
742154629
217218084
861572055
836703039
429632959
486175636
298045559
822093164
716364019
321961190
920927140
754206028
492825880
513129585
679167309
703788411
538736991
565284342
746140626
105117444
370494337
483493695
871143854
251751807
387540761
166088022
454811871
77603377
768797904
413188514
194878537
439681462
631425662
918409597
4884038
96669672
982494966
598396851
986894277
143252338
715642608
559026897
257952219
318551053
861603984
816115783
163046775
122941065
606158412
709540677
224270634
829439986
495899878
81197118
931904738
629906252
707903671
515968363
297847990
603638552
32508564
256277140
607558358
887825980
89330579
264887473
132269612
773446739
557418354
673820736
558793796
819709993
534208468
139896301
993943191
27797687
18104371
468222544
944223364
981901362
816997521
935306169
163040627
398655734
324528977
137680809
718191224
267903501
600718673
934416751
194853522
122230290
281650579
230048878
148676657
900997745
522294604
635599945
647691792
788216142
325134227
358677581
394002212
905760005
42539736
96339361
701617943
549099880
363231904
60478657
295247837
642998748
689361693
378158521
644897098
357995668
794798402
821994841
288919327
230563296
784041529
325447241
178039725
736468376
258995895
334773382
162920919
946022902
54933910
846862192
534119276
158660701
513571605
374327731
982820979
636246574
328903586
336930240
348567363
419569023
200124814
245098663
397121275
336079313
970916695
815116342
333439285
552124968
829320884
477009877
337149857
76833532
392045067
447253014
569126182
648583918
568105039
646117649
724960951
397778618
550783308
223188776
499363960
480501829
410683964
338540909
967275270
993122743
916720432
561109469
923614966
396597788
362899666
158426960
256908998
195702678
496417236
589978394
536108401
416322745
343522553
858827730
613029437
427391047
132797299
280588182
18356170
518144225
782946748
114384030
413836462
870845310
800564043
258901834
123762082
350379166
966945104
176826302
613975252
382674801
235906813
987477263
983400726
241875880
323617937
945064922
763991036
396305359
658885893
652202544
949212926
838140927
516885987
32755718
316411918
469745178
176594508
993193412
687059263
748443630
114368614
243562366
71510383
696831649
853906314
411056493
363877296
177847283
964312221
236264503
150223379
791830273
735483352
840615239
657421688
121673374
806367460
275521201
273753606
801309897
930718658
24849895
296663602
192757627
956592440
441860074
14633163
549415563
120814443
594096705
996725153
428573249
692469696
897600941
621035169
128466864
735468755
431829374
995043168
53714378
483789053
67663654
613918136
893910729
822824961
997579315
345667635
664502320
988066314
658383
279298412
377858112
498750168
984541266
851648888
602995585
384680603
267285955
993977875
870585292
929385351
307664578
390053673
617288666
876294172
396054102
589571235
467233067
437701033
75482598
249673944
568411841
929613620
654394863
314358803
441284943
418948449
86705007
919083855
78449585
754826740
836610710
714103100
717729912
107152327
457057640
415264074
676522659
971352593
262028290
84248424
922972492
992060230
355333418
17039998
569389662
866335591
78418817
757223239
741370928
585784345
486994161
232104028
51967061
998849448
30710421
512154985
757314807
293615033
389324295
544851010
867955784
172336863
100287028
933481565
6230107
528147369
452487720
740807363
244183133
808863274
189154595
574691112
580015112
667625323
213811077
273169345
734140687
305689723
852495501
570780257
772763605
480247595
614589383
241070394
127530855
284519180
678742636
308927818
778049725
185437581
778970812
27189014
578843196
805069417
791855003
479998315
636742838
136519680
669210659
591514834
330136260
992979213
40730243
345570965
734823742
529337280
777440314
16988615
487514326
357859295
76676066
614618222
71559814
200711967
50032780
120917926
309840735
880174095
592172040
489204584
164775385
401393874
419121643
619715449
210730879
941680902
305954765
994839570
751255733
455633356
501754284
852129409
691396492
669068641
462613004
628932984
296357920
330365081
927237829
200543375
977937385
973809870
527768964
495216709
767517042
166884267
969974807
266753347
745311959
881399497
151815818
390301717
871292715
921507028
699215972
686970319
59550489
483103736
572379621
570690442
757380105
468467431
759504868
149139659
138126112
731364985
903978978
900288038
850515583
444853581
548101533
101779675
180626920
569901805
807905781
951297716
683173363
832474583
807468650
431353314
873102515
736722057
274868755
545815009
761122929
392288430
266072185
192734175
733466192
930382519
883366514
896822953
673693200
841390120
529399557
260979292
503201713
253139428
501694541
229109696
690287807
332303899
716598092
221429141
229631010
961725849
736244209
436211264
218000482
702548106
348193084
168547651
616284700
422511501
153614407
123836551
975352555
753012001
964558497
643214341
625881828
767840770
403404196
302702502
215580882
463454754
935705545
352697797
449363743
938734984
497772489
763118090
299105562
644532284
369525459
64450122
211350993
212828380
841468917
447397935
354737750
621170171
786087738
958996117
291591263
153392957
805003446
927127459
972048837
759727038
671283518
295327745
454495058
860699870
399127779
401959141
16379803
857926188
700380578
532395563
624777159
387007739
844702475
304683537
49966949
521976275
597881250
607724425
150733195
409280994
277961902
852298687
972557247
614978839
366597512
260720030
378390001
932612093
883396399
694869940
808360974
319965283
335577683
253807292
364663011
764832826
183141241
843415089
651841499
513900790
129056670
981967611
212827723
267655748
984608434
895676282
94098063
321127553
650535421
335809723
392330735
396881299
576799378
605753730
321490263
76501116
574692639
317209216
92296692
858943020
699863448
259724102
851871101
548694441
307340869
302610058
610863709
604455126
952844662
754004135
125194696
417082069
304843873
748603475
382382732
140595709
131400803
355889115
326934601
609555037
197349215
72175968
255625231
287069333
5880426
903288397
733663580
296609888
722992931
264121517
945998926
454164394
476710701
861898954
736817429
336674040
788197359
957340947
451754906
880477680
940750713
917420708
805645991
206164620
678096719
548989354
513279327
