3439 2720 381032
92 264
48 291
332 188
239 254
63 410
305 81
127 405
52 55
56 413
367 198
190 127
407 165
354 489
194 442
36 107
178 363
404 113
44 260
354 111
93 395
473 388
267 444
49 452
323 238
433 129
217 257
160 222
273 446
56 116
295 352
326 105
260 275
202 437
357 28
146 98
193 44
17 457
262 435
64 15
397 496
56 150
119 100
478 279
97 104
312 339
427 139
413 277
136 301
138 294
212 75
137 85
285 404
66 470
363 332
35 234
136 426
148 234
192 26
312 280
4 194
76 405
485 130
145 266
440 473
313 285
396 236
21 188
96 318
34 127
17 58
338 375
487 474
64 258
357 98
173 138
79 11
214 498
365 455
251 209
43 172
382 415
390 410
467 275
312 150
476 109
18 401
283 422
448 145
224 267
186 100
147 238
428 417
347 156
459 367
18 211
213 382
459 35
43 41
295 16
207 125
404 265
120 42
362 312
37 479
370 191
447 486
447 259
424 14
346 455
263 408
28 267
351 486
421 196
203 48
229 385
119 166
56 449
287 368
228 438
381 123
280 187
10 241
240 442
480 242
323 131
87 245
283 220
300 88
363 82
179 487
404 125
153 371
393 117
247 104
224 325
72 18
146 15
290 464
313 254
307 248
135 236
425 87
131 105
429 5
74 276
98 300
154 252
121 346
245 234
345 42
381 491
202 109
131 65
367 389
166 32
369 325
242 58
258 260
38 32
23 364
163 22
135 440
67 192
480 185
484 222
326 183
95 7
89 97
290 489
493 456
425 71
481 213
157 484
220 193
356 437
65 362
342 494
351 39
438 316
77 324
480 165
91 397
168 7
288 158
346 74
428 489
41 140
407 226
210 459
448 176
383 323
154 258
399 303
369 364
245 302
286 185
56 470
322 313
39 486
204 203
406 312
214 444
277 348
298 275
478 122
339 264
19 191
203 20
166 240
281 255
339 94
261 292
167 254
480 342
367 496
73 476
435 82
407 164
208 172
88 361
112 316
345 57
21 40
6 179
214 411
264 380
35 430
12 435
337 411
229 125
97 314
333 181
210 213
362 419
315 29
74 466
44 407
142 474
439 297
428 195
356 309
87 107
97 374
180 325
415 84
226 211
77 404
277 214
340 27
252 179
274 227
259 163
22 382
421 277
214 256
111 359
18 439
13 189
361 96
120 424
368 383
8 352
291 48
101 106
319 465
232 184
258 460
40 394
495 498
439 260
220 231
28 178
309 414
50 226
257 72
20 118
169 255
140 306
28 129
392 42
495 182
90 47
452 87
220 282
86 36
211 141
380 460
185 170
464 352
142 74
464 35
233 118
341 415
431 353
155 440
314 374
310 150
65 375
420 151
156 94
37 265
49 245
411 330
38 474
369 253
36 87
191 396
392 452
79 425
5 381
441 346
84 352
57 22
411 1
36 223
223 231
436 267
31 270
443 56
486 94
54 493
180 375
380 431
393 62
394 272
30 312
372 62
275 493
494 115
79 248
336 216
458 276
385 304
149 467
94 123
355 387
235 417
6 172
70 90
440 426
82 498
197 177
157 142
430 451
353 393
73 482
86 189
86 337
421 444
343 333
348 170
281 416
151 216
193 472
360 348
463 221
117 105
280 200
270 410
250 350
74 418
345 280
170 169
451 216
96 122
269 235
364 210
284 435
202 356
376 258
11 233
433 159
208 13
416 478
115 384
340 345
416 193
390 463
41 7
261 448
52 303
340 467
411 121
66 413
338 433
89 486
481 82
151 473
454 280
480 324
88 147
99 405
91 253
449 321
106 153
240 257
242 85
367 118
343 354
294 255
182 7
473 247
30 465
418 315
369 41
166 187
286 151
426 104
387 28
263 259
303 222
233 113
395 250
365 499
437 188
162 476
249 113
456 486
437 341
174 322
152 151
77 27
400 39
130 46
141 222
366 475
17 431
320 222
156 444
467 323
66 218
121 403
43 306
358 266
202 311
403 83
155 244
229 498
92 105
243 323
469 57
183 163
118 17
79 218
130 445
66 78
48 265
458 394
306 264
468 88
150 404
160 76
242 127
498 136
318 156
389 453
460 466
304 423
91 429
253 450
478 307
371 267
25 159
264 388
452 77
447 245
94 7
496 333
56 146
343 194
303 165
499 195
432 430
425 293
356 253
494 251
274 473
304 75
299 197
364 334
174 343
282 192
372 478
422 309
300 165
285 486
176 66
493 129
165 108
200 168
332 159
378 241
299 59
339 468
278 154
261 86
140 425
146 433
49 31
373 440
493 154
171 93
440 194
202 176
63 74
249 200
225 110
442 302
261 290
368 177
393 339
255 9
373 263
263 172
187 420
220 398
396 305
103 144
111 329
287 107
186 364
98 181
485 380
194 118
72 150
456 345
168 397
151 327
343 348
68 472
365 79
419 18
280 55
420 423
71 220
202 292
229 437
12 102
315 137
400 456
419 105
92 407
113 68
450 291
97 66
241 487
257 102
201 368
243 443
413 347
494 28
120 426
61 195
103 382
34 29
145 194
234 370
32 165
257 8
250 467
80 406
250 172
217 60
5 115
177 2
33 16
222 229
390 350
343 325
131 27
51 236
91 411
354 78
494 237
214 443
241 252
188 300
197 7
126 121
100 417
282 414
179 76
307 311
410 329
447 356
147 215
448 66
89 482
454 145
376 252
137 190
304 295
218 334
376 283
60 131
125 410
258 325
479 370
307 79
141 50
1 146
447 297
48 32
71 76
358 218
399 155
132 494
74 72
172 499
163 14
250 135
160 62
493 200
20 138
238 364
445 381
311 105
342 90
355 457
39 196
353 17
213 440
40 291
107 441
281 214
71 56
279 284
306 300
362 448
191 21
36 184
406 178
131 134
40 24
279 442
296 97
35 69
235 20
163 255
263 356
497 443
164 312
288 272
205 131
129 411
463 26
101 273
384 498
53 157
486 46
42 97
369 355
366 259
246 338
479 416
1 369
116 153
271 416
102 316
255 446
89 226
267 139
99 191
193 444
262 196
262 256
5 149
112 155
499 154
89 484
55 463
246 69
56 114
31 57
135 482
6 419
117 190
146 47
145 272
243 455
134 105
181 357
268 53
92 35
433 444
308 388
17 179
482 239
169 427
171 98
375 292
303 402
35 77
119 154
74 47
21 49
456 258
438 431
461 319
41 202
415 102
224 462
192 340
111 318
385 404
149 386
438 430
481 431
158 77
53 490
196 144
485 458
121 170
37 147
365 477
225 419
479 300
438 437
448 481
288 132
110 12
491 304
170 232
267 218
236 376
413 301
265 379
183 409
471 398
493 495
162 463
458 17
66 344
493 271
341 359
131 279
204 460
124 172
277 64
443 92
239 219
206 56
183 285
205 140
278 267
87 4
220 135
140 131
331 141
69 137
277 398
424 389
20 194
297 154
110 54
146 444
29 237
250 301
38 20
64 134
405 225
130 175
22 313
261 30
367 300
154 195
231 265
262 141
392 265
380 53
463 6
359 280
391 226
382 434
144 320
317 160
341 359
336 289
105 54
115 458
222 320
59 88
244 28
484 154
320 116
199 147
279 124
262 286
137 234
442 479
362 261
308 145
132 26
199 179
120 58
444 481
438 483
95 182
278 153
70 482
186 43
494 495
337 295
225 195
323 171
179 158
455 393
23 263
217 345
221 348
344 110
432 259
15 24
343 427
311 321
74 55
118 329
403 150
120 274
175 329
482 403
433 293
74 419
117 59
105 416
310 63
24 402
381 223
456 59
76 291
36 416
228 50
402 56
69 466
19 217
174 363
436 298
297 121
271 81
425 427
487 59
43 18
138 42
110 53
401 455
207 101
137 327
440 340
242 456
341 264
286 323
218 4
432 61
38 349
15 397
495 396
326 172
449 166
224 491
34 91
144 386
494 333
14 491
33 374
350 250
11 282
204 486
135 302
209 256
397 327
231 467
153 354
368 434
51 22
303 388
93 311
175 237
179 241
290 246
304 480
117 17
97 318
425 276
267 337
453 376
46 250
174 344
315 36
289 468
346 330
378 187
416 232
193 464
304 326
277 18
307 117
378 404
371 204
435 199
336 22
236 309
84 114
367 362
158 359
391 91
178 418
43 17
69 392
15 489
40 114
266 22
380 44
190 494
374 362
113 199
74 464
16 313
437 12
353 112
149 473
148 406
333 47
141 212
14 294
401 201
4 79
292 402
296 349
111 357
261 436
186 23
367 467
257 121
384 236
200 486
136 18
338 167
141 487
425 358
482 234
47 60
460 324
381 166
264 319
106 269
20 339
212 362
293 239
309 17
204 270
119 251
288 281
107 375
148 350
196 316
287 235
224 98
482 427
303 40
356 465
494 341
218 274
373 338
176 81
357 92
274 278
442 57
372 201
180 425
222 389
329 170
483 434
371 204
224 274
126 175
475 359
269 416
291 472
423 249
67 175
400 50
188 352
71 109
69 17
91 44
53 152
116 241
261 252
183 32
82 477
441 28
298 221
255 184
225 308
238 463
309 95
1 373
138 159
169 303
174 471
384 248
447 396
130 181
46 57
477 322
190 367
387 469
460 134
317 396
173 341
379 395
281 310
197 69
277 134
280 35
373 283
281 155
266 53
141 476
112 64
97 187
302 27
235 133
167 94
245 273
145 177
128 158
189 326
96 35
192 202
59 161
295 79
334 4
169 351
121 359
92 384
484 397
218 458
148 491
268 211
368 444
422 244
474 221
288 210
159 110
413 292
146 387
376 102
416 421
407 386
290 89
409 132
28 495
330 261
211 298
297 28
64 429
439 40
439 76
443 345
155 211
295 14
264 311
144 233
122 312
309 322
496 167
49 273
1 184
264 198
171 213
313 396
314 101
319 34
452 221
124 38
476 492
490 213
89 218
271 455
67 16
427 426
116 162
332 82
413 355
34 110
192 90
345 459
79 296
181 28
111 457
403 166
68 316
488 369
397 55
447 191
341 348
168 353
352 464
145 4
291 381
60 381
311 30
356 206
310 439
345 189
445 171
7 415
426 89
368 258
282 481
449 222
460 430
443 427
113 463
443 493
75 25
112 94
111 245
425 228
432 209
120 23
133 446
173 240
353 72
75 30
486 408
163 234
64 415
56 128
451 277
240 418
112 115
302 436
280 457
361 445
318 463
280 154
435 334
496 402
474 133
70 126
48 379
113 159
368 383
331 401
160 24
221 437
279 11
252 107
341 369
78 353
355 254
194 382
23 313
24 45
480 222
417 24
413 369
453 335
122 344
62 285
301 354
10 345
162 389
361 439
431 243
170 387
434 448
189 86
152 285
310 450
278 403
289 311
483 20
212 146
454 208
453 420
460 216
227 107
96 79
184 1
48 448
374 493
389 358
166 71
443 179
327 309
350 156
368 132
442 415
301 354
405 413
324 237
436 437
138 279
24 112
177 301
51 128
101 452
94 62
115 280
246 203
306 31
126 393
125 477
181 345
338 455
487 174
322 130
345 323
310 386
452 228
388 375
93 474
93 497
7 34
129 157
193 211
139 296
124 375
111 46
377 184
364 248
472 351
385 357
364 155
241 296
248 271
8 432
97 108
69 336
422 211
221 366
183 452
174 292
147 371
223 115
139 52
6 406
291 95
268 211
357 450
168 445
461 80
332 224
16 273
128 264
343 13
264 47
2 335
380 241
8 143
331 395
236 264
400 416
163 248
185 132
86 282
405 310
62 221
381 29
295 26
74 342
174 400
410 250
221 245
417 118
497 316
177 454
175 245
130 303
132 362
90 363
208 393
304 396
297 317
495 127
386 292
27 499
23 101
454 267
25 14
70 96
110 222
362 440
228 317
478 107
391 14
46 479
491 166
378 454
365 133
457 319
97 190
249 220
375 147
30 156
31 449
140 125
233 347
26 379
24 418
41 36
282 317
439 322
103 320
430 391
241 401
245 355
116 20
234 191
395 220
153 392
34 10
463 22
246 347
335 179
462 369
84 277
312 30
377 98
61 416
365 185
141 163
15 412
66 473
278 274
417 366
490 366
142 394
173 423
184 8
128 9
363 188
471 480
346 136
44 283
216 376
333 206
251 260
348 220
460 284
102 362
362 173
417 490
162 6
151 173
415 278
187 423
11 147
448 99
225 147
434 374
109 90
391 33
371 322
36 483
340 332
240 107
468 111
442 98
271 129
67 497
452 232
342 423
270 436
483 11
25 451
57 418
136 46
188 254
493 427
270 120
424 338
116 22
262 431
238 182
93 335
317 380
199 7
333 18
192 92
247 25
478 367
83 32
57 191
324 390
124 333
246 434
453 360
300 163
489 207
383 67
146 438
123 26
10 383
355 398
443 152
157 392
203 433
469 194
375 283
30 425
440 307
327 416
82 89
172 301
257 399
437 263
32 77
316 366
62 77
417 226
374 354
415 168
281 322
214 263
288 410
148 191
202 8
364 200
262 230
175 88
12 59
183 89
143 344
397 419
315 207
308 86
62 25
160 421
228 250
99 30
481 8
246 327
198 231
349 436
157 382
330 215
237 152
125 211
79 276
99 453
52 489
351 117
307 12
308 194
392 106
400 274
493 21
353 373
355 306
148 214
33 307
149 450
465 327
455 303
98 376
119 49
197 466
492 216
399 3
480 180
333 266
396 123
68 179
272 279
411 418
131 99
156 280
107 398
144 224
142 444
445 301
168 266
60 152
169 257
463 116
57 436
269 105
450 319
60 451
51 275
42 246
306 417
452 396
344 312
110 439
345 307
489 48
443 77
479 350
432 105
27 59
490 399
106 178
12 314
31 227
302 178
420 433
402 429
337 71
219 456
347 37
102 398
340 283
420 347
444 81
52 453
375 7
396 192
411 183
168 241
378 391
255 34
484 111
430 260
291 106
99 228
375 270
274 316
25 454
123 177
17 420
241 339
230 465
39 281
454 159
343 139
457 94
46 174
427 420
62 443
192 204
152 325
116 105
89 432
165 343
91 67
316 209
381 472
78 200
291 142
4 230
441 482
327 491
357 457
59 245
104 408
353 163
98 52
89 333
154 250
378 55
356 240
280 113
128 481
448 170
314 200
292 84
183 102
215 78
473 272
317 476
432 362
140 171
439 326
155 385
366 99
173 25
296 108
486 262
16 205
273 188
308 128
284 403
306 13
66 243
376 109
262 97
421 404
402 274
263 362
144 12
111 474
241 187
413 174
190 391
350 27
106 82
12 365
228 85
70 39
352 285
335 442
365 346
192 131
151 185
79 187
275 298
474 292
392 221
271 284
380 1
43 271
214 7
484 417
404 241
178 45
119 160
365 35
27 425
78 258
205 473
458 17
372 396
187 12
284 83
287 138
40 223
45 325
233 291
228 203
474 263
23 92
413 467
323 338
448 34
423 137
340 157
405 117
380 116
471 352
111 410
94 109
39 364
164 113
417 262
448 401
180 474
100 452
254 378
21 292
286 378
78 234
245 270
258 84
169 420
402 281
412 30
180 373
157 286
156 19
255 381
119 174
138 355
374 209
29 316
392 281
196 31
432 138
396 5
229 80
305 158
63 193
358 281
221 328
404 345
358 466
411 173
179 209
430 145
240 195
368 426
347 436
489 62
418 317
219 363
304 58
223 5
45 190
260 173
262 212
104 404
410 264
383 319
177 73
241 307
173 62
31 78
356 338
62 439
413 161
124 100
352 102
496 201
159 383
166 98
264 218
214 196
96 73
72 171
339 127
139 310
453 475
194 411
333 11
399 209
133 452
203 379
441 342
173 136
491 101
104 439
227 42
70 211
328 495
231 476
478 70
381 26
317 68
489 53
29 284
379 80
360 242
351 329
210 484
424 268
441 151
31 93
171 234
493 256
173 11
213 263
49 101
123 183
128 391
51 260
497 309
145 465
4 281
138 48
412 174
342 270
184 18
209 116
438 34
321 194
478 443
246 98
162 446
59 133
113 261
295 443
170 184
58 140
375 342
457 478
35 411
422 167
188 402
192 337
489 479
441 41
52 306
105 334
76 247
392 364
386 425
335 21
411 467
260 252
430 339
175 196
136 399
129 194
24 418
10 272
89 456
315 434
340 263
47 384
365 40
233 258
492 362
199 88
113 196
397 109
306 81
66 380
248 161
198 102
118 6
139 298
166 294
216 244
76 216
47 493
289 14
151 388
459 151
61 289
49 271
366 145
106 434
29 232
206 193
306 231
371 42
44 161
194 435
367 367
441 145
89 25
92 173
141 417
248 164
67 357
226 162
116 220
194 64
428 148
1 435
24 425
364 399
296 396
350 354
425 330
137 16
355 409
425 454
486 215
171 399
461 237
382 398
489 106
360 407
178 194
285 274
439 433
383 486
345 325
466 497
372 268
195 207
233 420
170 280
13 102
30 497
146 379
291 201
60 446
248 192
480 170
65 253
425 2
310 431
492 402
62 225
254 135
463 218
361 52
485 140
414 367
182 418
260 208
343 317
413 355
364 256
356 24
492 375
214 499
454 255
493 301
320 406
408 13
326 452
209 25
410 399
406 89
371 153
180 264
291 341
375 492
4 151
179 42
312 415
215 316
153 89
441 202
491 496
348 393
61 292
116 489
169 249
281 396
377 378
466 490
279 169
284 243
213 205
425 14
140 419
261 210
59 341
421 77
360 54
435 177
53 5
274 109
401 173
363 25
291 368
26 215
4 189
233 401
84 142
422 381
80 179
137 167
256 423
162 204
428 431
384 55
498 338
82 339
382 314
235 134
277 465
321 405
94 328
331 437
16 359
293 306
313 43
99 46
259 457
247 200
107 462
390 191
127 7
116 370
288 241
184 106
154 200
30 94
42 291
452 128
303 56
25 324
317 409
100 233
343 43
218 103
359 308
53 199
292 24
221 248
79 153
60 103
91 224
102 437
305 353
295 443
245 108
276 43
91 459
461 314
231 312
195 455
190 401
26 239
219 364
420 270
73 202
108 84
394 322
85 406
496 471
166 9
105 344
169 393
167 50
463 68
266 147
462 457
219 10
430 174
341 330
301 212
154 286
133 397
277 432
258 324
241 62
157 199
465 34
141 424
169 188
85 496
121 387
303 369
39 52
200 384
191 104
159 7
179 348
239 54
375 147
422 402
35 201
161 178
312 159
308 282
242 346
145 60
137 210
119 93
103 273
90 222
191 340
201 11
71 107
370 303
238 311
44 164
201 196
446 366
497 446
304 16
101 159
406 468
427 417
270 118
62 387
187 175
339 414
321 482
52 27
307 490
162 313
282 44
269 156
259 162
419 206
156 148
218 314
92 60
255 376
44 234
133 131
440 347
478 442
237 8
457 313
429 33
292 22
306 206
498 496
64 143
459 71
247 359
4 5
448 303
125 75
123 395
413 446
48 274
18 81
40 13
416 133
171 406
470 172
84 386
163 108
451 499
174 409
108 118
161 121
52 101
262 105
27 118
389 189
120 356
219 467
168 301
206 159
64 208
474 472
420 70
278 354
472 403
150 66
253 256
428 499
298 435
342 309
482 216
348 25
367 251
289 5
330 248
459 144
321 183
185 44
171 14
443 156
265 256
287 360
47 355
270 210
32 93
99 467
320 174
279 469
458 239
492 89
278 208
430 231
289 238
473 206
34 68
75 127
310 458
280 383
128 363
92 46
186 351
39 131
229 482
230 231
204 136
71 18
10 490
80 151
114 29
329 232
369 344
406 352
41 111
339 164
374 28
194 110
338 228
49 98
18 91
117 308
141 14
12 487
379 203
101 182
163 479
3 32
235 33
106 101
272 469
161 455
41 314
316 415
394 279
305 44
447 317
414 316
110 12
410 8
100 413
386 89
201 481
374 325
217 149
453 144
325 285
373 306
81 49
371 391
419 145
8 239
273 67
352 185
309 260
341 435
388 118
299 473
404 89
150 47
325 1
114 358
138 195
489 396
100 170
474 244
421 74
497 26
250 272
190 244
201 430
144 176
159 336
450 498
222 479
90 259
8 241
303 257
37 75
121 496
390 48
204 358
408 426
201 284
21 174
185 305
358 382
281 336
76 82
157 218
27 199
86 408
200 323
343 20
442 438
168 453
121 126
93 119
98 498
14 185
377 469
26 383
437 492
137 459
243 339
424 431
491 303
445 140
283 345
356 228
401 419
50 103
325 431
345 132
43 338
213 468
208 285
94 157
83 233
6 55
224 172
189 235
60 230
413 311
244 226
389 463
338 245
460 128
111 61
296 272
196 98
365 433
191 392
137 2
212 343
462 4
180 307
323 447
112 414
38 3
367 427
459 73
435 65
395 484
145 231
357 379
340 165
440 315
224 264
445 226
336 91
53 366
74 102
316 182
390 4
457 353
64 290
345 91
211 460
177 113
185 7
405 275
250 54
371 319
347 179
487 463
120 457
354 471
476 175
455 259
403 37
29 439
168 12
205 67
93 487
118 60
300 60
464 90
113 293
376 62
239 238
498 178
362 280
193 444
249 265
425 342
400 95
427 355
367 419
399 94
183 167
182 178
102 230
333 265
229 111
358 58
26 420
240 25
361 98
395 365
112 178
268 318
316 454
72 170
235 373
428 25
359 165
224 37
104 240
169 132
77 214
435 10
24 348
463 16
60 491
299 182
110 22
334 436
148 133
249 270
129 479
159 341
351 278
491 449
455 426
207 326
101 175
421 415
27 322
429 151
471 165
250 380
456 397
322 499
94 373
11 297
330 408
300 93
426 491
495 354
65 307
357 399
442 92
350 73
404 284
305 8
353 328
258 49
397 282
270 109
281 71
269 25
294 440
70 148
363 246
197 466
307 486
381 70
282 99
355 429
179 277
27 248
194 221
254 299
202 358
171 188
286 13
187 423
392 199
245 472
188 265
296 217
474 449
496 481
191 71
372 123
179 123
321 114
469 85
148 33
242 8
125 339
459 241
268 386
497 215
91 402
10 237
344 284
490 335
478 77
44 313
253 359
165 205
184 323
454 143
100 160
161 261
93 422
153 250
125 321
279 166
495 47
188 475
290 473
384 492
72 17
254 495
453 242
347 208
321 118
179 332
101 417
272 309
406 214
206 166
295 10
28 474
346 345
43 497
238 376
263 179
352 284
189 6
458 470
463 290
232 288
384 380
198 342
312 137
438 346
396 392
474 277
273 211
398 89
204 182
113 308
465 168
298 53
370 247
432 177
244 189
110 285
370 435
183 193
198 407
408 470
237 428
483 236
138 167
50 280
405 366
379 444
139 495
315 200
127 269
242 33
254 407
456 87
267 247
275 102
2 289
462 443
356 390
262 256
126 492
175 151
205 19
127 10
399 445
312 237
78 149
498 422
31 223
102 291
20 411
78 494
202 75
242 160
305 210
167 94
77 193
95 286
494 51
27 380
170 84
162 353
217 70
266 240
273 23
97 320
83 191
299 51
276 323
174 279
170 346
379 291
468 480
294 6
345 292
462 333
369 424
393 386
136 427
328 154
239 121
177 278
19 462
292 62
287 419
126 270
482 214
270 300
411 353
6 256
84 6
440 498
314 340
223 490
489 14
2 139
113 146
275 79
419 303
336 18
38 69
402 56
110 451
490 93
37 77
32 204
208 71
183 387
206 294
224 156
34 34
391 377
7 256
444 5
416 260
433 477
220 430
103 90
87 310
44 154
480 316
467 354
488 407
235 214
476 11
236 229
462 179
415 460
433 209
228 447
450 257
56 364
493 240
211 441
254 79
116 322
308 194
53 386
379 218
78 271
209 230
466 65
470 360
491 289
484 81
422 5
303 17
309 196
427 117
47 236
468 210
374 68
153 497
80 201
306 366
293 105
158 42
407 277
415 194
437 242
259 235
432 408
202 402
309 246
194 159
186 198
47 329
153 142
152 271
412 295
405 408
34 321
424 359
155 194
420 222
332 67
383 237
239 38
203 388
429 390
372 472
401 111
452 475
482 115
335 308
172 491
287 311
121 465
134 291
59 378
302 363
384 256
236 188
103 371
247 383
422 209
332 322
47 111
142 446
284 410
21 474
418 181
117 133
424 450
74 127
374 242
404 128
56 202
231 269
381 129
484 421
400 212
388 99
498 400
43 474
98 315
49 355
261 467
173 216
151 292
36 61
436 300
45 87
89 74
154 455
180 216
308 16
441 19
181 14
244 153
334 449
255 353
186 339
209 86
156 477
403 217
17 358
165 234
340 213
243 332
439 247
415 147
403 146
192 294
352 229
154 67
409 308
36 11
436 434
18 208
41 156
302 383
445 414
210 257
88 126
32 193
240 273
177 385
375 146
448 71
200 97
122 320
162 284
436 65
284 483
144 339
8 496
451 367
205 387
400 396
416 275
320 483
491 186
123 369
150 325
350 389
330 252
346 117
4 345
38 339
166 41
338 258
445 84
5 386
79 274
16 421
360 119
363 14
478 247
202 13
121 426
230 281
365 459
464 128
388 268
387 197
86 376
157 200
299 168
126 77
493 134
468 345
271 112
476 138
179 300
64 227
394 68
483 257
60 73
348 158
297 451
16 354
458 331
338 214
241 146
301 440
250 72
292 450
15 428
17 444
50 293
256 92
474 167
471 251
167 226
68 219
132 45
289 193
332 464
455 439
23 233
279 490
54 353
213 262
224 55
11 316
150 466
475 156
224 244
39 68
62 206
382 105
195 393
163 263
26 80
457 81
85 250
242 257
447 61
273 494
464 16
254 26
371 320
451 369
30 8
129 92
378 383
486 108
295 228
185 386
383 366
11 165
345 301
331 162
89 254
419 430
27 255
44 53
262 318
20 96
29 51
252 257
16 230
336 111
98 58
486 408
489 256
180 22
124 313
103 476
391 132
431 461
131 252
240 86
363 434
474 52
37 104
280 259
243 32
421 167
467 179
412 456
307 283
375 136
169 154
344 255
240 250
103 498
444 465
5 452
209 108
135 288
226 438
234 388
468 224
282 79
176 10
108 117
165 423
368 252
284 39
345 347
384 149
428 364
388 89
118 153
210 141
290 271
15 93
75 335
131 83
185 446
87 159
155 429
377 25
355 212
284 491
9 497
434 61
258 446
264 80
59 116
477 455
133 242
446 463
187 67
499 264
204 391
242 91
233 460
378 135
413 303
201 124
416 31
189 44
329 310
108 492
130 207
337 32
26 363
360 225
370 237
290 305
21 98
376 96
447 449
42 169
451 276
79 232
122 248
287 266
214 51
125 111
151 369
115 469
430 392
446 465
174 324
160 126
64 255
99 428
227 407
186 9
301 342
392 81
279 350
402 235
1 231
314 383
207 487
181 72
222 84
283 229
247 403
367 26
179 495
326 162
478 464
106 281
371 375
31 135
304 130
434 400
22 395
393 254
15 479
169 442
250 341
283 208
454 413
62 326
170 76
174 445
47 200
99 191
138 436
81 83
202 176
208 232
299 300
211 164
485 132
171 174
24 295
41 7
328 359
359 132
61 226
482 332
484 83
310 413
71 243
259 120
205 303
3 35
123 264
462 98
358 232
322 215
449 84
13 385
411 305
238 109
42 497
480 259
139 388
419 266
190 477
270 485
77 452
498 159
174 379
254 207
115 234
382 404
314 140
276 131
135 282
440 351
89 287
462 493
240 417
363 349
494 119
468 14
119 347
473 272
335 96
59 304
129 239
250 135
423 416
498 276
304 145
138 236
337 407
78 247
90 250
292 380
391 323
448 471
291 122
22 268
46 399
424 154
207 29
483 160
215 156
499 284
201 328
390 123
330 135
135 48
55 211
418 208
473 237
32 242
470 57
231 421
445 276
309 140
223 331
111 440
328 449
253 125
487 484
346 216
312 490
317 366
21 80
162 273
242 185
124 292
96 177
217 238
489 424
77 390
332 412
199 235
89 386
67 499
279 285
429 186
220 311
452 401
342 32
300 120
78 443
117 286
99 150
131 260
113 428
487 222
59 109
260 99
374 23
267 345
241 110
435 382
130 382
25 65
216 57
333 3
120 155
239 331
78 2
252 349
479 52
152 235
91 260
94 333
76 17
343 297
326 100
259 53
255 325
209 349
339 120
459 445
394 344
204 57
247 44
444 249
252 482
379 177
23 259
60 56
498 2
111 188
207 24
315 334
127 92
107 391
15 230
19 200
425 80
358 100
458 40
366 286
82 348
61 142
364 46
124 436
43 317
451 97
233 318
101 157
66 118
115 248
432 456
121 481
397 13
40 169
342 261
296 453
45 204
193 302
64 417
286 432
460 461
157 440
184 160
465 112
216 465
376 476
253 200
192 269
9 215
155 38
131 98
271 276
93 430
71 296
88 423
367 152
337 119
447 129
113 244
405 92
423 415
295 341
315 90
434 432
404 236
453 363
12 356
278 219
389 20
68 295
386 123
162 211
370 75
150 292
78 146
173 164
393 377
416 3
26 157
182 296
274 252
238 125
413 6
397 132
150 59
106 405
363 141
446 407
398 337
256 188
299 470
108 461
30 121
298 106
160 207
425 378
395 294
62 327
51 194
310 474
301 16
43 480
240 244
457 272
35 41
240 152
12 413
461 411
411 262
204 256
106 104
479 106
393 428
113 425
258 20
292 9
63 415
315 51
157 201
16 421
390 490
323 314
189 175
126 306
116 441
284 41
316 490
495 268
18 27
355 415
442 143
435 492
5 473
464 128
469 139
385 379
144 128
285 256
97 225
473 189
292 12
423 231
392 489
380 64
472 29
280 50
119 154
459 170
243 409
249 2
227 301
457 473
198 263
12 384
413 353
329 286
61 72
450 389
459 350
218 284
397 451
347 356
435 287
8 312
385 331
52 7
465 276
291 128
114 352
460 145
55 482
287 198
232 235
203 384
117 436
256 239
301 77
276 316
36 344
183 212
203 277
428 39
64 115
65 308
85 232
422 174
314 114
32 333
243 49
100 82
19 435
20 396
116 393
281 157
352 304
5 38
74 389
350 71
222 465
340 342
170 429
226 383
49 24
403 44
64 19
268 46
467 30
451 198
82 381
347 383
39 83
151 356
173 396
90 60
195 80
444 325
55 422
129 463
435 271
199 470
269 162
497 131
333 192
43 361
86 341
489 111
251 407
240 319
407 266
21 275
384 310
79 359
6 218
155 22
153 363
364 211
300 107
253 217
236 303
75 210
481 412
463 358
91 91
225 312
225 352
296 449
67 274
294 106
469 393
3 417
174 285
472 46
465 334
410 121
39 278
326 150
371 199
340 459
208 263
179 400
310 472
347 256
363 310
173 182
98 258
361 274
211 137
259 18
346 30
172 386
134 393
406 315
197 184
9 64
164 61
395 471
69 320
73 210
488 69
2 260
411 232
496 276
266 412
108 308
141 379
263 364
466 448
133 429
91 337
345 81
338 239
94 418
147 127
177 112
27 202
51 292
61 155
242 480
271 490
136 406
254 466
216 32
290 422
346 62
150 82
373 213
453 299
438 384
381 255
70 52
57 230
178 111
237 231
370 244
325 412
457 166
101 310
31 475
353 144
10 287
203 194
223 374
276 233
19 335
332 454
440 93
2 391
33 271
82 207
232 161
333 105
69 317
283 207
230 103
366 269
137 32
158 240
71 90
208 90
49 190
755 1703
3235 1975
1096 902
1477 1659
2767 1708
536 909
1755 423
1369 2928
1013 128
727 2179
2179 2721
449 3434
1701 1190
1850 3007
356 2006
17 2062
375 1464
1688 722
1448 1044
382 1676
512 5
2515 774
2445 3189
593 2896
1499 3358
2183 2232
2195 249
1535 359
264 2199
3115 806
2263 1637
925 3306
1985 372
1266 1348
985 2551
3214 496
3237 308
541 2113
2270 2057
2040 1516
878 1758
2255 2544
275 2899
3100 1309
1676 1599
1297 1293
3231 2910
1822 2674
780 1774
557 2513
1124 475
3307 797
2155 3211
3356 1128
1889 1201
916 2190
750 830
1975 2371
2294 42
701 89
676 473
379 2952
1432 3094
3352 1473
1011 1520
1909 2295
333 1850
1131 3187
495 1095
1349 1451
1557 356
1904 1207
705 2859
1506 2561
1293 3255
3405 862
3245 1085
1967 2725
716 2059
2331 2711
2923 715
1426 2126
839 315
1468 1754
326 874
912 1773
2309 297
207 2374
3148 3015
381 1573
2073 2275
1113 2951
2311 3201
3159 1162
602 134
1876 2227
3006 555
273 1279
562 2354
2698 3154
3112 1880
2081 3279
595 56
548 1477
1724 1165
1661 2664
519 2857
831 905
3221 3271
723 716
74 1825
1517 20
2607 2235
1705 376
578 3309
399 1626
87 26
1337 3076
16 1052
3278 2489
2883 3172
2909 489
1073 2898
1393 2866
2100 12
3204 2832
2277 2426
19 3421
840 1136
2014 2106
3303 1705
1587 1029
3258 934
818 1073
1078 3324
1987 326
923 2268
233 1836
2322 1303
1242 1272
2752 1672
2031 2996
2897 3219
619 180
2530 4
1127 2862
1928 1401
3288 3038
1041 480
2861 99
684 1890
2896 2611
1010 700
2358 1427
1119 3424
1513 2923
550 787
3205 2258
1280 1484
3165 1011
3309 1399
2442 3386
941 1923
522 3115
700 1585
38 3178
2210 3296
3299 1963
1729 2624
444 1081
2757 244
2048 534
2924 1375
2468 2586
725 2822
15 1415
1120 279
1396 2230
2946 1814
3367 891
1507 857
2820 2865
894 2307
63 2511
2584 1037
2493 815
1933 25
814 2485
126 2204
2866 137
767 590
1074 2766
647 2197
888 2887
2028 1241
2319 1840
3160 287
2649 695
265 174
2676 2196
2035 1490
1093 1897
2751 3253
1650 434
2560 2652
2406 3229
1090 1879
1310 2327
1188 2919
3248 1013
3194 1697
2011 705
2814 685
2762 1357
2209 898
1865 1014
3018 2691
2777 1248
1921 1818
1602 2072
2130 1313
2776 1137
377 2205
1221 1246
270 2111
2760 2917
2988 410
1980 2509
1182 3252
1137 63
2139 444
1452 227
3274 864
1371 1991
3417 1171
2802 582
613 2144
137 704
2341 1131
154 1800
2582 552
354 2769
2957 179
574 1179
1585 3419
3388 2447
2333 1927
1002 2555
2265 1610
1569 1203
460 1847
1320 305
493 2495
732 1661
2650 753
847 3124
2466 3438
2354 1494
875 1689
795 1302
757 1949
23 1574
220 310
232 2401
3390 2854
1307 2323
1352 536
1943 701
1309 795
1111 10
165 1195
2297 2742
3212 399
815 2444
1376 52
65 2619
2798 30
2516 2856
1202 626
1606 208
2987 276
287 3041
3162 1219
2349 3336
2261 3267
2639 2466
2743 1832
2407 135
1683 1525
3184 474
1613 2630
1934 706
2423 252
2307 2987
2291 2820
793 2800
192 420
2671 878
1217 2867
1410 1134
975 1022
2205 2255
1241 1016
1616 1581
2648 1318
2253 2897
3321 1540
2371 2244
3354 3223
173 1804
1953 2273
3323 2948
492 2052
1922 2070
1360 725
124 1604
339 3177
546 3263
43 1430
243 1182
1945 2510
520 2383
1593 379
1251 2921
194 3412
2402 2765
2485 2427
2761 727
864 1695
480 776
1023 1872
2678 1446
1556 650
2364 2869
3127 1932
3187 2385
2693 2540
2708 2677
1644 829
2430 2662
1671 3194
2313 3053
880 1478
555 3231
1834 2459
123 35
2594 921
2586 1359
1812 2462
2106 3086
687 2927
1745 1929
1255 2256
1895 1605
2511 2651
3399 748
3329 3157
2587 649
1334 1088
1703 2031
906 164
1203 665
261 230
2863 400
475 941
2735 3257
2084 323
147 1644
2653 27
1197 1859
2173 1461
1502 95
394 2648
434 2937
1201 1253
218 183
1381 2338
1859 350
2823 879
2444 1063
3099 1438
1180 2194
3272 751
529 1577
3395 566
584 2066
1582 243
1632 780
982 1526
540 698
185 38
2922 1962
1451 1345
2247 2903
3344 1939
733 2105
696 268
1492 451
1304 331
2318 888
1385 2658
2715 2724
1494 1070
2474 1916
2427 2098
915 3127
1080 693
1800 392
1764 3383
1249 1887
3305 966
82 2130
1185 1262
638 2682
3213 2574
2262 3288
952 1852
1584 2240
2327 2835
2828 213
296 831
355 2416
1633 2608
1908 2304
254 3290
1240 837
1655 913
2266 1503
464 3133
2009 3355
2083 791
73 229
990 189
2376 2821
1000 2708
2716 395
567 834
673 907
728 1141
1786 2819
3189 3226
1571 2589
866 2260
3372 2347
891 1035
3438 3147
2013 33
2865 3123
1460 2443
3358 1595
1190 1579
1329 510
2889 1750
1545 578
2326 3112
2763 109
1751 736
2002 1142
2330 709
10 781
901 594
603 2875
2934 1772
1357 1232
1860 291
1064 2763
3423 402
1456 772
523 1217
1657 1448
1774 2389
2239 1354
2669 592
1609 1042
2711 1194
2264 2688
1581 728
1044 948
778 2038
502 654
1038 478
758 3404
1699 1875
477 3362
870 914
895 2026
2643 767
1867 2450
363 337
1528 1175
841 1235
2933 1860
3045 926
949 3342
1643 1458
1386 1417
1186 3295
3177 1004
1631 2767
1519 210
2352 1008
1540 2569
128 1015
1927 1138
2472 273
431 551
1814 11
2540 2958
596 1371
2010 803
881 2025
2351 2410
2720 1325
142 1298
306 2164
2996 1428
2258 2152
2510 3077
2891 746
2150 1511
1253 2448
2534 2282
2821 1055
1433 623
1686 3047
120 3311
1732 1075
2167 1284
2818 1899
3314 2280
425 2311
3170 1118
2682 3417
1351 2036
735 361
3081 3062
518 39
649 1602
135 195
2059 2941
408 3114
632 477
3059 3222
2296 2010
2945 1993
1668 1411
2408 971
2664 2046
2514 3297
179 2709
1272 313
2481 348
1612 246
1136 465
1728 2959
3232 2413
501 804
629 2112
766 560
3263 239
2972 761
42 583
2875 816
946 1819
457 2797
581 2270
2128 2420
1742 3322
1530 2432
491 1396
3191 77
2383 1135
2724 1127
2746 720
914 1154
867 354
2135 2175
1813 2618
1089 883
2641 127
3072 3198
1336 2277
3013 2633
68 509
2885 1992
1872 842
1493 1594
1419 671
113 3125
3007 889
2293 1812
144 983
2057 1208
2732 2155
1497 1663
359 512
526 2530
279 3107
817 2953
2350 1405
2994 918
786 1624
2849 1041
3217 1759
1397 563
1487 155
1189 2322
2018 3067
432 1169
2490 1667
2953 1225
369 2262
2790 3105
2608 382
516 1453
1737 3401
1717 2067
2714 2364
2869 786
2329 3353
797 1096
1164 8
2737 1431
607 2436
1453 2497
417 604
2212 2125
259 2975
2072 1351
2541 469
32 1146
2246 1970
1968 1184
1322 1338
2654 70
2042 681
3434 257
3225 2772
1902 766
2569 1168
2713 2891
307 2487
2879 1752
3226 1646
3411 2901
3043 943
2029 3399
2248 1341
631 1521
928 1046
3185 2503
1058 1749
769 1257
3319 453
94 2060
2979 3145
3238 2310
1353 1268
3317 838
484 577
1296 1810
3 2442
3069 2716
49 2350
278 2470
2638 3348
563 628
2893 1295
706 500
3047 2912
792 849
3391 1148
1339 970
1008 3426
3154 2508
470 2209
3384 2242
886 2013
3053 808
2816 1256
1250 507
890 158
1793 2961
2606 2360
3042 1322
3003 1587
2355 1000
406 94
2370 2828
244 1764
316 1009
1678 2490
3062 541
2721 1674
3373 1668
2929 2073
1537 165
1605 486
1913 2805
3095 411
428 784
1749 1543
2723 1843
1807 2396
305 1673
2065 1654
1042 2352
2460 3277
71 2669
1246 1228
2276 1877
1940 1202
2630 3003
2877 1845
2633 1500
1526 2534
1853 2491
2658 1439
1314 547
722 980
332 601
2536 2920
473 2157
2365 2168
1521 2782
2399 355
2087 2634
469 1028
1706 254
1725 272
3035 949
857 3121
422 1180
1004 1414
2292 51
633 2408
2736 1379
2665 2468
230 2341
106 1378
433 952
2190 1987
281 2969
1700 1793
2787 1413
2872 1386
1264 3285
1196 3117
438 2002
771 1713
2941 1782
1029 1126
372 798
1118 218
1212 2590
954 979
1148 1491
2624 2746
964 2438
2758 2412
3357 929
3361 603
783 270
1171 870
107 904
1256 2984
2859 2692
2420 2372
962 2641
1403 2309
1174 622
1929 764
3202 3168
458 2971
208 2940
1838 2643
1450 1447
331 267
539 3021
2886 570
3093 844
1491 3014
1715 1945
374 3327
2627 1725
3167 482
2769 832
29 3439
1084 84
2585 2395
852 2964
1458 2100
3145 2722
618 302
2954 2496
1330 2279
1428 17
2597 1901
983 522
919 584
1757 3050
2788 2638
1265 1707
807 3396
3017 680
1407 718
357 409
2366 497
214 1047
1677 1562
1099 3208
488 885
1884 1648
2343 1756
2244 2018
1840 1337
1009 1625
1085 2660
860 1546
1235 843
1996 1311
2881 726
1263 87
2651 1465
2165 1099
353 1632
551 172
2902 1770
635 1076
319 282
3311 3049
3324 2989
2741 3093
2620 2934
1972 2464
1128 2103
3208 702
1664 636
3257 1240
3168 2573
547 2257
304 1647
1417 2693
2843 942
993 312
3429 3356
1472 2983
3247 3381
2964 1368
2931 737
2663 1844
3113 3167
1824 2222
3009 545
3240 319
2686 2022
594 1584
2133 1093
3021 1365
827 2517
1776 3120
765 421
216 452
2411 3113
2567 974
2492 3213
3114 2740
1299 1216
445 801
2913 2541
25 2107
2099 501
1809 585
141 3260
871 1969
2163 146
2192 2296
2060 1985
2722 2581
508 1331
118 1909
2792 3096
442 1974
2593 2237
1418 1089
804 1635
1268 292
1744 2178
1567 3176
3171 2435
487 2101
3374 1527
1906 1092
787 2334
2332 59
405 2985
1233 1084
1511 896
1681 1727
511 1917
2022 1433
132 2871
2574 481
1773 575
2109 215
269 487
323 3367
2250 301
203 1733
2069 984
2020 2622
1963 1687
1311 922
730 2290
3008 588
2170 672
1392 1407
1748 670
2108 2384
195 3164
685 1640
2187 1370
423 1364
2308 544
3401 358
3092 1931
3088 2922
461 1535
2117 3032
2103 3043
3138 765
1880 1213
2141 1281
3351 2667
3432 799
1877 1197
2202 388
2796 432
3020 2591
1129 311
1098 1297
924 1374
1364 2458
1323 3429
2745 743
3234 828
2345 2861
1881 872
2882 2044
989 16
908 2328
1970 1884
1134 168
2935 2731
2233 3351
598 526
2932 696
1991 207
3347 1937
2339 2793
545 3376
977 1590
741 1636
1115 1336
3108 2686
2856 3328
255 2428
472 2809
2403 2843
2700 71
1414 1771
1094 532
884 1480
1066 994
3063 2289
849 2003
2027 166
837 1567
666 2243
2191 2770
2208 2924
1844 2358
272 2004
2815 2833
640 2988
1733 1958
1974 3149
380 1721
528 468
1887 2267
2518 3098
3039 1051
660 3100
2588 1900
204 2671
3085 3185
1679 1973
2495 1996
3049 697
1951 2261
3198 2617
2524 3343
1731 1891
694 817
784 1273
2955 1061
1954 1583
3293 156
1982 3034
2768 3350
2688 2201
2012 1781
1404 1330
710 3375
2625 2123
3166 1083
2037 2562
1142 3317
920 2785
1028 1700
2295 982
1947 1739
420 419
1445 2735
2496 1545
2162 1568
2808 2967
1503 2883
1172 1582
1175 562
868 3118
1960 1534
3281 370
1100 1058
1279 1065
337 2777
474 277
1709 712
2393 2445
2459 619
1194 1994
1031 2229
1039 495
1579 1892
1858 488
1846 2661
1990 1255
2113 1537
3404 1023
714 2340
3144 125
257 3190
2134 2421
8 3129
2038 2035
1481 2039
1283 3323
614 1100
883 1786
2044 1119
2421 769
3342 1367
3282 3403
3036 721
1825 383
2395 1343
293 3278
325 182
178 3081
35 988
1771 1115
2243 3150
997 2834
151 61
1430 598
1524 1760
373 1903
3033 3425
958 2414
1316 2926
3057 283
2868 306
427 2183
2613 1352
1827 2399
856 3071
125 1233
2039 1951
1014 613
2847 3020
3408 3406
3142 1200
1081 1706
587 2096
1126 925
61 1544
1621 1967
421 2297
801 1828
2690 3344
3084 1556
1183 2394
324 1276
1512 2606
533 569
1810 2051
843 1434
1092 2727
4 1947
3222 3300
1195 2213
2479 2831
2756 3214
936 1231
1104 2554
1444 710
1897 2879
3010 3339
1274 2695
3082 2778
3182 939
3277 470
2356 3305
2218 454
2036 3221
3143 3006
2426 717
2707 1513
1027 3088
312 1007
396 1651
2182 119
1964 3171
1298 2387
12 3329
3134 1238
592 3046
2238 139
2379 3182
1969 154
158 1696
3223 2998
3425 1155
2508 540
1109 1183
1839 2359
2806 450
180 714
3023 812
2152 1928
1599 1098
2842 1623
721 3146
2160 3302
2015 1606
1639 3352
1962 333
79 3237
842 389
2832 1813
2443 3063
2237 3266
3236 973
318 2415
1237 827
2465 3240
2940 3110
3413 2789
2337 2313
2947 3170
1289 836
404 3431
3128 2743
1077 1717
708 2851
1750 1914
3153 2826
2122 141
1063 3061
939 807
2626 375
1992 377
1026 2333
1562 1252
1022 2139
2857 3293
899 132
1116 1152
583 2954
1447 1423
2005 3137
967 1495
1431 3390
1229 749
1614 2676
5 2326
2573 775
2766 995
1775 2673
513 1943
1586 2680
1343 1833
1901 1910
1387 3391
2310 740
1675 579
177 2642
217 3318
2285 3101
1780 2069
1916 461
376 2516
114 68
2381 2037
1333 1123
1181 1855
3322 1906
105 2932
2082 2881
2206 1726
1516 2472
3172 893
2347 2181
879 1821
31 490
2300 1452
2632 3360
3110 1103
2204 2524
1781 930
2942 2154
1720 1631
2314 1064
3067 3272
2388 906
3011 142
2860 3275
2910 15
1789 2303
1030 406
2733 1291
112 1936
2862 484
627 1211
1932 760
1821 1499
48 256
1088 1761
2058 3082
2119 2114
1146 2351
1583 2375
1061 3089
968 3235
898 1777
1553 1940
1193 2120
3157 1740
980 369
1743 3349
973 1898
291 821
3040 543
664 2118
1826 2192
2817 752
1232 923
800 659
903 255
1905 912
3253 1120
3197 401
1898 3303
3359 2678
1163 1403
988 524
47 2615
1875 2217
2220 2653
1083 385
2589 2520
1811 443
559 1205
2562 2947
2809 1986
552 707
2312 53
2387 2294
2475 3246
2019 2650
419 298
2432 1265
2177 1653
2645 568
22 2599
349 1104
1207 2027
1177 2527
624 3040
3362 916
2197 2626
746 591
830 975
1568 1716
1248 143
3181 2991
3400 2299
1869 3320
996 3153
2636 558
682 2863
3366 2818
295 1393
2819 3280
1864 1856
2077 3084
1792 2741
3123 2824
1301 2200
2704 587
2919 3017
2124 1649
2759 630
588 3085
1062 3347
558 3174
2912 1440
2428 1214
3028 644
2928 529
510 2379
92 2473
740 608
1033 386
450 2171
2550 2707
2448 2345
212 759
1551 1824
2112 856
2335 3056
1420 1866
1075 1912
1949 1766
2982 1616
717 2048
1271 2376
3327 602
1533 322
1380 2403
2401 2977
1665 2750
543 2515
2880 160
3107 1196
26 449
308 1738
1155 673
2555 2034
2230 3238
970 655
1395 932
1566 2479
3301 363
3193 2849
2284 2265
1292 1310
1663 2885
689 2124
395 1539
1541 1509
155 2704
3338 394
1312 1686
3175 3373
1130 2754
1338 318
2696 1972
169 1834
1610 2806
3310 2234
995 1264
2126 3057
3158 1031
467 782
1258 615
1205 2318
2579 2744
2412 1218
2967 3292
2755 1090
1276 833
213 1244
168 3036
175 2748
1767 3083
1510 3378
1222 794
2464 2502
2549 2906
3426 445
2592 424
1379 1229
1577 1445
1534 3212
819 2030
764 957
2829 347
1591 1304
1646 357
500 2349
3070 1094
1795 2654
343 950
181 771
2997 2329
2137 1166
1938 1747
2348 2798
2799 2915
3313 303
3065 1479
2180 178
2194 1003
2129 1067
1727 1826
2461 3380
226 1460
3276 251
657 281
532 7
2096 667
2273 433
1659 2165
256 2593
75 660
929 2218
46 876
456 3152
1594 3369
1345 745
1617 1851
69 1858
2110 1701
2888 2791
2458 467
1698 1441
200 2117
1162 2207
242 997
146 3384
2778 506
2811 2751
2622 344
2049 200
1525 1550
93 206
1504 757
2740 2666
524 2355
2824 341
808 3357
1993 1865
2223 2000
3090 3130
749 1066
3380 1334
2242 924
397 785
1286 1027
3075 1957
3385 2702
1114 2807
918 1846
885 3184
1855 3011
430 627
542 631
2016 2115
3102 1744
298 800
283 1575
2196 2717
1672 713
720 1862
1890 2391
1374 2838
2175 3078
1423 1517
1223 2367
549 1935
1986 3354
143 2206
2674 3135
210 3204
943 901
30 1811
189 1475
1046 1459
1624 184
1 2522
2921 2195
1796 1827
3071 186
109 3216
2025 3193
3015 2760
344 3276
2618 112
184 2719
398 3065
713 1979
52 459
1429 1410
663 3312
289 1607
3055 689
2742 2186
2522 1369
1179 2104
1200 2446
1436 3197
183 50
987 3162
85 211
1474 719
2104 1221
1490 2872
1866 2312
641 1198
77 192
2609 2550
2983 2577
292 2848
1037 2780
1636 1323
1958 818
3086 2079
3083 1861
1654 3243
1710 73
3190 1080
238 335
521 1056
2731 1889
182 1167
2415 2084
282 2108
1495 2314
150 3160
3421 2248
2750 1191
1441 380
1087 2452
2070 2546
3121 85
1508 1853
3414 521
2899 2811
1486 2815
2986 2612
1076 1002
303 2077
2520 1385
1666 1033
1402 2078
1398 2019
788 595
1112 264
3246 21
1979 2330
1696 2877
798 438
2958 1681
1473 567
1689 1026
479 2134
2067 2233
1409 2128
2251 1333
186 2584
98 1406
1295 3070
239 2714
1313 641
2114 3262
2984 1260
2078 2402
172 3102
3132 3141
882 2422
1192 985
1820 778
1730 750
1159 2049
1926 126
2375 131
745 13
119 848
2105 1528
1772 2892
302 1953
1923 2757
2470 1236
482 1938
1132 1794
829 275
1082 2202
2168 2929
400 47
572 247
1917 1107
1924 1308
3034 1078
3279 2893
2870 37
1734 24
3355 1795
1765 2514
2578 280
1756 390
2655 269
1653 1429
1801 1628
51 2816
1500 2011
1818 1220
2120 3058
1365 2587
1067 1444
1862 96
3117 1955
99 3307
667 397
940 2366
2498 2847
1015 1841
1702 1665
3435 539
3419 2080
3267 265
902 437
2800 967
2280 1805
389 1110
1308 2266
2539 881
2873 986
448 2850
1167 1622
1831 1558
2833 2370
1976 633
3196 513
1153 1113
3103 1177
3289 658
3094 1091
1983 535
2951 2747
1999 520
2747 2505
3089 1670
658 2203
3146 1305
1738 2061
96 3039
451 690
971 559
1651 458
1760 1742
193 3142
206 788
910 226
670 1842
3326 1930
2666 3415
2952 2356
1739 616
2557 204
3337 2536
909 412
622 314
504 1290
774 2583
1565 533
2502 2701
1043 259
974 1418
759 150
3087 2761
1421 1466
3336 1111
2903 3202
2782 2276
1950 3108
2095 1263
3386 3326
88 2870
3280 46
2061 1
743 32
2006 504
2596 2029
2159 1349
1930 1554
2385 3024
1842 1314
33 1645
3109 104
53 2796
1761 1533
1024 1964
2784 29
715 629
2505 1918
2007 678
862 2339
285 2253
534 2627
1712 1117
2438 3095
1892 2343
2287 964
2604 1474
2217 79
3302 90
34 491
509 105
1305 3148
2577 1327
799 2015
1910 3175
2301 2839
2153 2607
2926 425
2712 3026
24 2460
1752 177
1262 738
896 999
2876 1768
3216 1765
2989 159
1464 3128
171 3
3312 1557
166 1671
623 664
2551 945
2382 1870
190 936
669 847
2692 1432
844 2880
3133 647
2807 2016
3096 1694
1467 841
3339 758
3328 2888
697 173
320 3179
3032 2388
452 770
2744 1679
2701 1185
1543 1505
2298 1288
1603 3209
1211 2220
1564 472
347 1482
1324 3361
2617 2909
820 2457
560 977
1415 1053
2222 3186
3436 1921
1861 3301
1359 1012
1106 515
2221 1650
2631 1049
2045 1737
1107 669
1173 2943
3041 3028
2118 1864
994 652
1907 2842
921 593
2684 1908
1261 2758
2640 3075
3124 1882
1231 1266
1718 2775
2729 1307
999 1277
3056 3374
2646 427
876 2042
84 2109
1003 69
573 1164
850 1299
2178 3423
1210 2703
3104 2145
1282 101
2115 1387
1623 1077
874 3316
719 2585
712 1691
963 1743
104 2236
161 2804
3243 48
1281 113
2691 1030
441 711
2681 606
3161 1339
3001 2690
3061 998
1110 1512
2268 1688
2660 2596
3269 404
2754 2465
1845 2160
2422 674
2372 1258
1590 2762
1966 688
2148 2382
1856 1857
3129 324
2275 1312
2848 2902
2484 2579
648 415
340 2868
514 2411
665 2723
1626 946
1218 422
249 2087
1766 573
252 2129
2030 1656
81 457
2544 3281
1673 1289
2838 2645
2619 3008
2396 3249
688 3072
948 1801
391 447
575 561
429 1999
1154 1404
3341 3409
752 3215
3118 216
3219 2968
3179 1492
3271 1655
1206 2335
934 554
2004 2802
2462 325
2959 1966
1378 993
1213 666
568 1531
1169 2135
300 1907
3048 307
227 2784
3378 3284
3155 502
1156 3165
2804 1809
1252 2592
2435 1380
2256 1783
3176 3092
3396 2823
626 2269
153 2122
2976 118
2340 2916
2071 2081
90 2830
267 2380
674 2486
1843 289
1667 426
2780 340
1550 1106
3098 903
3377 1748
435 1519
215 1741
2765 2082
703 1569
1988 723
3014 1888
1841 635
1741 1038
2615 1189
60 374
2079 3155
2985 2406
1362 2698
736 840
3209 1874
1479 576
1270 138
1290 3090
1012 625
2394 1173
2046 2684
625 624
571 2263
2303 3313
1647 2180
426 3337
2199 2955
424 915
2231 2886
1427 3203
2227 398
803 2963
454 1720
747 403
726 2700
1638 1242
1459 3232
1160 2836
761 2009
1777 2238
1977 161
2927 2621
187 2170
2517 234
234 1530
1244 3013
1438 2251
1399 492
2023 3227
1782 2493
2299 1282
724 742
1893 3159
1674 3144
1411 1683
2652 2588
211 1504
1903 2054
945 65
2789 2993
1912 1237
335 2801
18 1596
2066 2715
2890 2439
2328 2745
1103 940
1275 1982
1888 1798
2436 3087
201 819
1685 431
580 2074
3241 1755
2080 181
1478 190
1971 1757
134 868
2235 232
412 342
1759 3035
2642 574
1808 1086
3152 2976
998 1456
459 852
368 1597
2149 3254
566 1283
1219 1709
2054 2075
2963 839
13 2942
3363 199
2181 250
760 75
1331 405
2851 2208
861 462
1544 880
409 3432
693 1301
2675 894
671 845
897 2365
1007 548
1243 1420
3306 22
2363 3265
3120 2247
630 2264
2450 871
1554 43
2413 2790
346 1481
2993 1586
2389 3365
1277 18
1847 517
2026 2829
873 2788
2991 3410
3340 1746
2599 2173
2775 2655
139 3009
2278 2095
2489 1069
2034 1732
3348 1409
1716 1924
3261 3310
2207 1904
2487 2931
251 3282
1937 2239
345 3411
199 2908
1670 2481
680 2598
2793 1980
2917 2040
2830 1223
707 792
1440 2543
3178 1822
2598 2997
3164 3191
2948 703
851 2182
1198 1421
3249 3045
1649 175
2699 1224
3050 3138
2226 1796
1032 1186
751 910
1852 860
2925 2604
1016 3217
2062 2814
392 3196
1883 542
2200 2005
930 1129
3349 621
2386 2625
247 996
2590 1785
1628 1469
1482 1485
3320 31
2531 2188
388 98
1055 3366
362 1159
1051 2455
1138 49
1538 1296
315 1613
1053 3395
2998 2729
411 1745
1635 2972
245 1997
781 1402
2439 201
2325 1541
992 2301
893 1830
3135 1280
1216 1712
1515 1271
59 479
2051 3158
776 873
1370 1493
1936 1753
350 418
3201 1130
415 822
1048 2578
410 1388
984 2776
3383 1779
2673 3259
1348 546
2359 2876
1527 1950
2937 835
3418 3080
2975 19
418 963
499 345
131 2149
2267 212
579 148
1558 2287
3295 747
1388 499
3211 1024
310 724
311 2461
791 790
2971 493
1819 2083
2441 899
2111 2488
1049 783
2499 2639
365 516
342 248
497 1643
535 928
991 2694
1640 1087
1691 2733
2473 2423
834 2028
2697 1983
565 2153
1065 144
2240 1954
3266 1915
794 2023
828 2437
2290 2894
1900 2539
20 1723
606 2986
3365 954
652 429
2391 1990
2416 2632
386 285
2437 3069
1695 3119
1461 2137
702 1780
1346 875
2785 1734
1914 1664
2668 1261
3119 920
3350 2286
1327 1488
1687 1043
489 3289
2837 2187
1935 2102
3431 373
775 992
2621 1639
1147 140
1086 2882
2834 3291
453 3245
2203 3385
1469 3274
3275 3287
2052 607
2269 2417
383 3010
1141 351
1446 2172
615 1157
738 3359
2229 2890
196 3387
2497 989
3298 2148
1466 3435
3030 3299
1648 1728
39 565
1758 1050
1520 580
3130 1275
1931 1925
322 483
1575 2133
1597 2768
2367 107
3284 2933
2969 2143
2887 1074
1645 1160
517 2278
2554 3030
1596 1153
2513 2291
2661 1838
490 1455
1832 2162
56 519
3292 2732
2304 1425
1368 1468
2961 1566
358 1292
2647 1603
2543 3382
301 1869
2360 1678
2894 741
2286 2475
650 1565
1059 1960
2500 550
2288 987
1434 1143
2867 686
2000 2316
127 620
1836 498
2805 3048
1830 2110
1555 1487
753 3372
401 2212
1208 245
3265 2138
468 3338
3150 1040
2827 3273
2677 1968
2463 1467
979 861
1994 814
1746 332
1069 1934
1123 1286
276 1502
2831 1551
2232 2895
101 2090
1804 396
3283 2712
695 296
3254 448
2123 2860
2822 2889
1068 1547
1721 1172
1354 2582
957 316
1851 3139
1050 1243
1707 1767
2871 2484
3343 293
2727 1192
704 2281
932 1902
576 1835
686 60
608 171
3227 694
2289 2699
1485 1510
822 618
2705 1609
904 1346
3287 2605
2898 648
1891 2141
762 2609
889 3236
2836 3388
950 1971
1857 3363
1291 1515
2529 663
3136 886
1254 92
76 2331
1785 3248
237 2007
2835 1776
681 917
2892 1699
833 194
907 1206
1165 1876
3058 1112
1794 1808
2850 1419
1091 1316
3369 2982
823 1450
832 3398
2725 2045
2260 2223
591 1829
570 1952
692 133
2090 123
812 1680
3406 2946
561 511
2623 367
3300 2665
481 3368
3420 2099
3203 365
271 114
2612 2363
246 2348
1045 2623
3079 193
89 1913
37 2163
1680 1657
361 3377
1915 2325
515 2430
297 2556
258 1724
1318 23
742 1472
2362 2697
1321 884
2098 1068
2556 2616
1529 823
2634 1564
2488 1010
437 2071
3382 2957
2527 1320
462 1287
3410 1210
1918 732
3116 3298
1425 676
620 2613
2074 2342
174 2935
3105 3018
2323 514
1465 1976
3375 2308
1143 3436
465 1933
1747 1789
711 2620
133 2337
3368 3001
2717 1555
2908 632
1509 34
50 1580
1052 1831
2369 866
1957 2119
314 1032
160 684
1828 188
2546 1926
1166 1329
2374 1820
3285 793
986 362
709 464
3297 944
1625 2284
1637 2231
2455 1174
2138 3205
262 1715
836 1270
248 2332
403 1222
3252 2531
498 2300
655 74
1184 2663
1287 2685
1157 2014
1475 919
3229 2393
3370 779
718 599
1805 1881
3353 2689
1204 2759
698 1181
505 151
2920 1124
367 2705
838 1398
7 2640
942 320
2695 2043
872 572
3296 733
1236 2498
806 2474
2457 1344
2770 1274
821 1883
2703 2817
782 196
599 2756
280 2167
585 692
140 3042
2839 1251
1405 78
1367 2979
659 1193
913 442
1422 1188
2667 295
1325 3225
1056 1045
2949 3341
2680 867
2107 203
3077 2557
1238 1436
1726 2362
621 3269
1040 1249
148 820
1874 1633
1652 3023
2154 1163
250 1922
2186 2529
1770 990
2410 106
577 97
2509 2020
2157 1685
348 456
1595 755
2854 657
1622 1039
1607 1062
737 2945
1882 3104
917 2681
1257 523
3376 2675
351 217
2380 2808
2591 1621
2334 2647
1191 2500
604 153
1656 428
1480 890
3290 638
2201 2226
845 1792
1925 1156
3409 3079
616 3103
2003 3370
2281 242
496 169
2452 3408
1070 1614
1095 596
1539 220
164 2646
188 735
2718 640
1152 2191
2906 2319
156 1675
1779 82
27 1204
644 460
3147 958
1047 1362
2234 2298
277 2718
2305 2246
922 1775
672 435
601 2560
1574 1463
554 262
2447 3405
2694 187
1284 2783
1658 185
926 1059
1505 408
2791 2602
690 3166
1375 1392
2127 3258
70 3414
3387 2787
2417 2873
385 2737
1955 3247
3318 2381
2342 2210
678 72
3255 2063
58 349
2414 756
478 88
1783 2492
2279 1116
636 1353
2164 682
1302 1730
1573 614
159 58
1754 1506
785 346
2719 300
2213 3134
3259 2696
447 1147
1997 762
36 76
3291 441
1697 271
3415 2127
3080 1677
2503 581
2566 1617
3381 93
2338 2799
1344 1977
1604 2305
2611 1109
3125 3340
2486 1470
2826 278
1798 2925
816 1114
2043 3161
1303 1867
770 1524
486 2058
402 2649
443 3314
3046 1321
2616 1638
2581 1905
772 2636
2783 3420
3215 258
905 1381
1401 882
2685 3283
3038 1839
506 2159
3186 2518
3360 2150
756 2221
1135 951
1470 339
2188 505
2144 3116
1973 1731
2605 147
590 2594
1288 2012
1463 3143
2709 1895
582 851
3260 897
3139 3321
1708 2720
1939 2755
2282 1486
3141 1807
507 2994
790 430
390 730
1214 1360
2943 850
100 2752
1117 2736
329 3059
2171 2827
3403 528
11 3418
1225 391
1228 508
3424 2285
3398 3181
2907 1718
3316 2907
1879 1710
313 3099
1341 1426
21 304
2748 2567
2561 1988
2101 2949
1580 36
2702 1132
3137 2293
2602 1395
3412 1082
2977 2855
654 237
2895 2566
1488 1529
1694 1658
2257 100
2172 2792
1260 571
1753 368
341 2499
1833 343
1455 2837
2491 1729
1870 2407
2772 124
1546 1666
1713 3241
2916 1652
2583 233
1723 708
3439 2397
2236 3055
3174 1422
1413 2369
569 1497
2063 1254
2274 962
1224 908
944 1612
3078 238
3106 261
2968 557
1835 381
1920 1893
1273 3319
1899 1048
1168 895
2446 1250
835 518
2397 2631
1484 2274
2075 329
848 1698
1740 2132
95 2549
3024 353
1220 3136
1768 1212
1547 1397
97 1920
72 3033
3273 2292
1406 3261
2384 1553
2143 2463
544 1591
2662 3109
2102 2288
78 214
3026 3413
2132 1376
370 3132
2125 2713
966 991
229 2065
1829 2668
951 549
3076 2250
748 2597
1035 120
1531 1751
3149 1508
2797 417
138 1702
2145 1593
2901 1507
1439 2441
268 2386
628 1324
3101 687
3262 81
2915 3234
2316 1571
2801 3400
1952 1538
2855 2177
483 3106
2689 2913
