1601 1566 219229
21 445
12 195
323 183
17 334
2 9
166 360
331 428
40 421
257 44
119 106
216 361
31 293
444 453
202 207
454 53
440 105
430 495
430 292
339 13
376 4
360 243
259 286
146 458
253 441
214 397
467 223
11 452
258 369
485 365
107 303
220 299
380 281
98 118
187 320
460 351
476 75
260 194
77 476
235 373
362 390
219 469
139 78
363 26
193 350
219 440
62 445
277 403
152 119
114 165
135 298
259 148
293 258
450 333
307 385
175 276
272 344
350 324
110 398
330 454
58 404
218 255
136 275
423 436
227 405
231 194
218 369
233 154
403 152
319 86
52 310
195 264
389 163
439 40
470 33
335 321
367 317
427 114
181 124
13 279
231 328
46 439
329 119
251 296
471 375
321 299
215 353
205 337
433 122
443 295
340 91
313 220
367 155
192 437
3 290
397 242
298 319
201 309
409 254
372 443
49 368
253 201
197 179
474 324
77 302
151 428
498 350
119 259
321 214
33 323
498 378
425 491
247 250
173 483
252 83
354 427
260 342
25 412
260 55
370 159
330 308
322 489
486 285
111 460
365 156
157 30
295 442
389 157
260 372
212 480
314 90
42 325
245 23
458 22
305 264
85 422
211 64
170 147
51 162
197 117
45 163
310 479
360 218
318 266
426 56
371 291
169 393
421 449
5 238
378 262
242 441
165 353
349 380
183 167
321 247
243 388
146 93
300 237
7 375
245 208
99 195
70 204
222 328
314 89
102 401
108 233
380 93
437 132
47 450
450 68
191 184
135 72
9 343
405 207
339 194
366 300
477 15
456 337
22 411
322 158
461 434
6 439
390 37
264 112
246 71
162 301
391 7
188 446
62 4
381 189
240 402
98 228
488 53
373 470
293 2
309 193
65 415
467 319
457 117
46 235
237 390
41 52
343 291
322 405
451 5
491 124
400 353
160 291
155 258
483 443
202 124
221 324
365 292
334 168
497 404
295 114
24 58
285 369
229 282
72 381
166 272
493 257
416 462
471 134
172 67
95 317
337 418
398 220
221 361
120 455
244 193
376 453
300 423
214 60
307 228
197 158
135 489
491 53
328 494
331 335
465 343
457 60
365 336
229 1
47 27
351 381
411 309
113 216
199 100
209 463
79 424
465 210
182 226
349 367
172 487
471 302
133 163
144 447
446 279
78 365
469 74
7 376
327 417
136 342
375 94
143 302
218 121
136 421
320 412
120 296
422 267
229 261
498 73
495 168
321 118
400 486
129 24
412 104
238 493
71 299
69 31
204 306
290 444
23 439
417 101
45 476
265 136
31 247
235 170
229 357
318 429
71 413
107 497
192 206
51 449
198 387
150 273
410 254
361 188
193 384
281 64
46 468
450 117
249 76
357 389
396 149
187 68
443 50
17 221
12 86
253 138
456 133
334 208
395 397
184 62
342 440
111 46
291 164
253 31
265 118
380 411
382 429
126 113
360 50
254 365
233 66
443 48
180 268
139 453
282 437
305 369
491 254
177 475
46 432
48 17
321 383
456 41
286 66
279 322
277 277
288 497
116 479
192 246
476 145
66 100
447 306
244 155
205 232
463 219
207 158
443 213
239 194
209 309
444 426
215 435
358 385
151 388
337 240
216 21
335 132
268 151
348 279
209 284
472 54
385 175
88 305
40 251
468 154
368 339
71 470
460 239
24 323
390 146
306 113
142 98
12 44
285 292
288 313
494 295
247 156
244 117
200 403
311 52
98 274
347 276
12 83
98 486
107 102
221 186
4 274
388 391
174 86
354 41
416 216
224 188
480 325
156 483
273 387
9 333
412 61
301 292
144 267
334 79
469 387
367 2
238 332
412 254
298 208
165 458
37 422
157 310
304 454
79 74
313 398
312 240
449 415
482 357
59 346
255 150
25 483
180 7
355 453
481 194
339 355
204 2
82 279
35 155
402 65
187 277
386 78
334 338
181 459
201 160
450 249
143 120
12 117
363 111
441 328
370 133
468 217
180 69
138 323
83 257
409 312
462 212
146 482
110 417
472 148
302 215
73 121
422 471
408 94
160 11
281 376
237 109
125 174
444 426
4 290
361 258
19 85
126 28
55 150
97 150
90 110
35 282
470 2
388 492
222 154
376 309
472 382
353 160
424 102
145 397
134 163
106 156
107 163
408 420
153 245
16 282
261 488
148 377
370 26
133 23
120 136
241 291
179 367
328 462
119 39
130 218
426 208
281 476
433 455
22 460
403 103
49 59
135 29
102 194
51 313
296 93
269 1
324 369
181 268
53 32
146 260
378 197
442 224
451 41
38 305
465 357
5 243
460 196
381 295
300 45
378 103
164 76
56 134
372 195
239 163
115 89
207 128
169 471
54 278
168 216
472 379
345 365
51 387
63 169
292 276
164 77
88 484
476 48
469 275
377 40
87 319
106 22
397 96
22 466
23 16
101 461
179 409
250 80
355 160
182 200
222 289
244 376
414 405
423 107
259 216
369 71
173 294
467 70
249 47
352 398
64 19
220 69
113 465
106 21
467 65
140 276
400 283
249 51
57 273
231 2
53 33
19 363
363 50
361 5
256 461
319 131
8 383
251 183
213 446
379 83
104 331
253 117
292 456
180 306
327 432
443 393
441 170
227 268
270 265
242 460
180 499
388 292
77 299
465 276
276 252
206 155
72 411
453 27
113 418
263 360
212 392
23 347
169 334
426 151
447 485
332 260
174 25
431 448
349 305
289 424
484 108
363 165
265 137
46 45
256 13
446 172
167 175
107 437
134 167
122 359
95 32
433 315
374 3
367 270
67 130
364 314
243 245
35 254
352 430
481 153
102 467
223 301
334 52
27 132
329 1
266 239
8 210
468 25
79 390
352 20
64 277
185 151
290 177
221 151
385 379
208 326
5 252
318 397
163 112
105 125
491 51
13 194
155 447
468 452
470 492
375 190
282 373
302 69
355 427
431 110
249 100
66 74
6 465
42 87
1 484
419 305
37 368
467 334
80 151
95 20
298 424
277 349
497 339
26 404
173 331
189 324
70 139
408 13
418 496
409 7
383 279
240 114
163 10
179 111
367 167
107 473
343 59
200 146
95 426
465 350
166 318
497 401
25 321
21 479
40 54
276 39
113 134
399 13
71 453
498 28
457 195
265 411
344 421
68 248
75 412
283 160
286 288
409 416
96 291
223 438
290 275
375 294
279 107
491 309
134 28
195 316
82 479
153 388
449 257
150 4
448 416
167 446
480 255
248 332
225 455
480 97
100 232
486 193
329 272
275 49
455 427
88 481
17 430
483 290
385 369
437 158
115 184
240 71
129 407
41 370
420 381
76 235
399 317
438 313
368 275
396 18
266 443
411 148
43 210
460 150
279 116
106 18
302 321
371 140
376 355
71 81
8 338
60 85
149 416
6 41
117 13
435 467
469 495
439 425
407 350
25 258
174 461
87 228
339 168
334 256
44 67
122 372
232 46
476 496
12 452
16 66
426 318
19 446
410 368
38 279
91 477
40 146
410 322
201 72
103 84
25 334
29 28
439 470
277 139
306 1
177 271
480 144
86 105
217 269
70 280
24 283
335 317
69 409
62 125
14 407
353 424
248 488
25 408
294 229
272 368
391 173
9 32
348 4
392 179
491 57
288 335
114 109
260 144
350 386
172 344
259 358
488 391
354 190
470 342
98 5
355 58
140 331
184 255
27 174
155 168
439 287
131 203
250 344
96 382
340 87
435 33
223 216
355 354
483 238
446 213
167 285
133 192
254 497
1 349
228 138
433 82
439 252
344 27
403 417
106 398
92 452
302 462
25 19
123 439
64 427
236 67
292 382
429 437
88 202
10 42
185 105
43 134
475 409
3 485
453 379
446 91
252 87
59 88
284 347
221 386
43 282
240 101
114 103
458 268
234 86
189 48
316 65
331 177
394 465
499 40
246 132
230 111
337 396
38 256
135 223
330 126
451 382
140 187
141 308
475 246
405 232
136 151
157 184
245 120
477 111
291 495
446 91
237 85
159 435
243 366
12 379
294 143
481 345
67 62
70 59
211 325
381 15
411 65
425 320
370 42
294 90
394 413
386 409
372 444
162 472
290 20
169 410
277 494
193 404
168 158
32 313
326 191
450 499
1 311
215 499
177 69
394 288
441 386
203 403
299 296
10 384
293 4
399 58
389 375
115 265
488 423
490 96
209 381
426 199
11 202
209 437
349 54
162 360
352 118
379 52
118 328
478 211
111 321
120 151
140 374
283 447
451 53
128 289
40 347
316 42
322 147
425 58
306 204
44 197
284 79
435 316
363 251
233 23
411 416
84 264
219 421
93 442
406 254
384 434
474 419
176 469
475 485
320 291
275 354
378 83
389 314
13 337
267 307
438 337
259 227
256 233
114 96
462 58
403 482
441 101
59 210
152 211
170 267
167 242
9 287
85 110
447 104
426 293
475 50
26 195
365 87
385 410
261 489
170 125
179 92
454 259
19 92
93 378
176 496
182 400
93 102
104 19
350 116
477 440
342 175
144 26
211 139
353 122
236 297
82 442
300 459
293 78
393 235
66 160
289 8
140 303
326 218
334 29
248 366
141 48
442 8
291 67
149 356
461 337
435 176
126 14
266 298
107 132
65 144
355 234
281 252
82 51
459 330
379 404
488 226
403 441
416 484
138 278
19 143
301 148
209 133
227 387
196 86
67 142
437 181
82 1
27 302
351 205
471 60
424 495
144 151
19 272
314 31
437 119
488 242
100 344
89 476
218 476
452 402
361 176
454 116
24 429
265 59
297 216
18 158
189 436
203 364
262 127
287 312
451 147
438 345
113 72
390 25
263 153
469 5
35 213
261 8
442 277
295 451
31 332
118 62
141 465
56 201
493 415
84 473
420 89
86 107
278 71
480 323
241 322
314 302
393 100
312 372
466 426
38 41
419 44
305 331
407 208
443 334
126 330
194 492
37 162
260 239
7 396
400 18
477 307
241 150
171 386
231 67
186 180
237 29
389 143
6 99
264 442
301 323
235 374
131 294
188 447
436 223
10 472
333 81
182 457
259 19
179 478
28 274
219 248
339 303
10 21
98 119
497 376
375 338
262 427
215 230
219 93
317 108
200 20
457 291
175 204
452 426
75 62
176 108
100 322
99 137
35 415
172 455
68 361
193 21
31 476
143 460
111 302
333 104
63 44
23 205
448 182
151 465
459 253
184 110
61 439
189 311
103 483
182 351
22 312
401 28
137 241
321 401
444 431
455 223
85 151
499 279
383 232
196 124
62 368
91 23
280 32
135 216
282 280
91 457
339 178
397 199
427 196
381 400
97 355
4 192
145 487
53 60
383 37
421 21
327 43
393 227
462 134
305 109
302 337
394 197
117 88
248 90
277 474
70 424
362 223
12 372
253 280
248 236
257 111
160 441
212 178
244 82
210 419
464 85
126 94
448 452
402 306
255 213
248 289
68 124
358 120
288 323
260 167
451 462
220 472
345 316
82 172
362 317
221 482
332 334
12 471
306 331
463 443
272 20
69 296
431 491
334 279
203 374
175 412
485 322
55 373
35 453
293 392
328 26
236 455
360 297
111 466
348 293
27 429
156 424
27 2
185 85
299 9
423 254
430 394
244 66
344 339
409 283
374 112
77 433
34 76
134 70
387 420
33 459
379 116
315 350
124 251
170 4
75 120
258 495
426 202
310 426
115 388
478 138
388 308
499 330
446 32
184 113
178 194
377 51
33 52
143 37
184 307
386 164
139 58
320 418
437 414
434 431
356 368
120 327
158 294
76 146
92 287
357 330
225 94
120 170
400 348
307 209
26 88
450 485
223 447
90 378
160 413
167 142
472 460
469 44
430 498
403 488
101 248
23 10
392 83
369 2
167 431
273 451
282 243
148 470
33 261
54 422
183 384
340 7
497 162
261 306
386 403
196 115
237 484
309 207
44 247
127 458
379 61
232 225
326 238
64 295
481 52
114 155
339 399
362 379
128 188
391 86
367 467
41 271
302 241
85 334
449 58
338 157
64 429
438 124
495 139
192 304
214 345
217 404
281 43
426 93
254 96
323 218
169 110
499 227
295 354
353 139
327 113
155 93
455 321
296 58
192 49
270 260
54 77
322 261
93 340
300 252
109 297
190 457
413 454
235 384
138 141
476 128
62 444
63 227
354 192
152 75
462 483
60 117
60 248
113 170
228 393
467 289
417 339
109 474
143 210
118 330
178 64
235 412
19 468
105 44
306 449
100 233
59 450
288 85
354 137
406 21
407 24
264 474
313 461
138 351
296 302
181 2
9 390
373 366
128 179
151 349
27 34
252 27
90 5
243 24
70 226
92 59
33 172
451 196
403 91
32 175
160 312
245 407
483 9
312 162
83 440
352 389
321 63
119 258
492 24
14 135
3 268
240 479
410 135
218 261
370 342
260 402
324 372
70 81
279 74
145 393
447 70
303 478
145 11
21 134
347 233
193 126
314 102
94 213
110 188
344 252
461 18
265 118
80 324
366 70
71 484
187 169
269 131
110 297
93 81
290 295
258 172
309 422
370 387
215 335
129 264
216 138
352 423
471 439
390 229
45 408
178 31
479 233
83 117
400 97
390 70
86 382
136 456
201 252
476 79
267 283
31 403
75 308
393 307
390 395
127 34
319 123
74 427
311 220
42 117
461 135
448 425
16 60
444 83
164 409
147 128
373 493
324 363
117 452
189 394
339 99
161 407
80 392
102 167
433 332
370 333
297 125
333 477
117 279
99 499
394 270
77 90
192 491
302 416
79 90
122 171
299 415
272 41
240 278
449 319
63 299
232 116
377 396
68 484
93 455
426 127
27 227
154 202
440 260
489 495
454 85
281 260
398 99
429 260
187 419
242 107
175 94
18 397
238 256
249 486
452 57
139 303
419 46
96 231
401 384
59 79
340 32
85 318
221 351
140 47
359 303
405 83
92 32
207 451
237 60
422 489
166 58
479 236
415 195
63 402
136 372
437 298
54 289
74 451
440 421
32 281
244 286
212 258
153 168
356 296
461 369
460 23
487 365
200 417
252 105
257 151
207 327
343 370
352 59
205 230
353 291
418 428
324 238
461 87
92 234
108 237
187 105
61 412
328 20
263 7
68 405
304 92
328 328
86 307
66 363
87 452
426 382
214 316
408 391
268 139
291 119
345 146
389 204
385 202
363 270
43 446
418 45
182 355
90 358
183 417
417 451
302 376
59 405
420 358
201 413
369 203
192 304
126 461
429 480
1394 1373
540 903
1283 381
1461 4
918 121
160 685
1539 595
680 1548
403 133
687 923
1306 185
557 105
391 878
73 890
490 928
1441 673
120 146
1575 708
1538 958
1185 1129
169 526
617 747
1043 1327
1476 1004
1029 547
482 976
288 1086
56 159
886 780
384 395
24 471
334 176
204 1228
177 902
744 295
1330 210
752 1475
263 494
1313 518
393 174
1516 36
53 25
103 231
327 30
428 871
553 68
322 1248
186 917
387 377
308 468
1321 465
993 117
905 824
707 973
1329 1045
431 1096
83 253
366 291
563 1439
58 866
692 448
995 1213
623 1595
1040 1250
27 1230
1294 1053
867 1464
845 60
1109 646
628 1124
267 427
782 735
583 545
492 1487
835 391
1045 528
116 254
883 590
584 130
1240 397
952 249
1097 1517
1342 1372
229 120
332 642
679 1444
1534 1265
626 775
241 950
20 1434
1601 233
242 1133
89 1521
1565 984
1164 795
596 1324
500 1179
757 1362
46 1241
1170 1157
858 438
957 1492
1188 907
689 1142
106 980
312 1145
429 10
857 617
245 660
1288 1099
325 1546
86 848
287 1347
1445 206
662 964
1310 1584
1217 921
974 1110
1061 1411
1166 340
1155 757
648 467
685 813
271 1038
1265 1338
374 1514
1131 1001
1199 1501
1327 387
182 243
815 484
207 1247
389 1166
585 826
696 1421
1353 329
126 1408
972 65
174 1424
1521 759
211 1410
1008 1458
513 455
1518 796
299 1345
426 100
203 687
702 1505
246 1486
54 134
1505 801
1546 990
143 1148
1107 1419
1561 1049
509 294
130 1100
719 538
673 1431
543 961
887 845
1416 712
1316 1414
1030 96
510 12
581 1018
1130 1212
1115 394
1194 160
884 1448
489 1459
548 197
297 1165
147 1393
293 1382
783 1015
1244 605
1064 885
691 1093
1214 385
90 1252
449 1316
991 821
1581 418
1570 855
1536 156
272 1520
964 364
1187 649
1459 235
200 132
1383 191
1071 40
1309 614
1133 1599
562 1277
746 936
210 180
521 611
507 875
801 375
1355 268
800 945
1510 498
104 894
1302 355
1258 1535
19 371
313 1512
362 1104
1375 89
880 344
1111 1470
527 1047
1490 74
306 1217
998 520
741 118
228 88
894 398
1184 1601
695 369
530 924
1146 1510
955 1518
979 1493
2 1284
195 791
493 742
736 916
598 1333
645 257
1438 1221
149 557
1507 1288
1522 677
1465 202
353 599
396 446
569 1412
968 1222
1145 1143
948 1020
469 1398
618 746
416 1083
326 1144
1152 661
1486 457
943 657
1177 558
152 1121
132 1106
518 1384
273 1404
1460 867
1095 405
539 1522
1017 580
859 324
176 1273
420 930
1572 1137
1444 1246
331 24
343 1553
136 43
467 201
561 23
1298 137
264 279
1268 353
1108 581
788 948
460 83
797 1141
111 1530
632 278
137 517
418 753
950 1172
1106 1081
814 219
560 136
1340 624
1222 1534
1547 734
1529 346
1241 55
25 1095
1078 357
642 1218
1135 267
655 108
1574 629
212 576
1212 1017
1369 404
1096 114
1128 1321
1403 29
795 49
1559 157
1527 349
715 1146
1041 674
198 1074
157 1323
837 33
244 1
763 900
875 182
546 87
674 669
1372 1003
1173 732
123 999
1455 301
388 981
360 406
710 1374
209 952
181 799
68 1587
939 1114
1281 470
1019 692
162 186
1556 534
534 1365
1431 216
996 1199
843 1467
851 145
1275 582
1457 1549
227 1107
684 593
425 1394
436 1422
1059 485
865 1335
989 246
197 1557
827 1158
175 704
459 374
895 596
1396 1427
764 472
1124 1593
63 1109
1370 1201
342 75
1280 1108
1220 935
756 798
381 21
386 668
547 163
550 831
1284 459
1333 48
1277 927
471 373
683 1596
711 1293
1401 215
1238 313
647 1526
506 911
1466 778
760 876
1178 1326
1069 777
555 688
1153 1507
309 226
601 1371
424 864
124 256
37 1511
1 762
496 736
1325 128
533 272
515 77
1590 173
1332 1476
1437 1455
1398 823
605 570
217 1568
1279 1286
305 71
575 1585
665 679
1139 437
703 26
82 90
461 327
1524 615
1494 490
938 241
1201 298
1386 1180
881 66
61 1255
1379 1491
1114 868
829 1564
888 1066
1216 1344
923 1233
739 422
755 1370
477 325
866 122
437 1206
59 601
1224 1030
1148 487
641 1342
105 899
1413 1337
34 1306
672 1307
1179 1014
1011 1356
654 1417
487 19
698 1442
1411 1087
987 934
226 1409
1311 529
1391 621
722 1085
1532 332
494 1136
1169 50
1171 659
1074 804
1585 1524
1586 512
39 1064
580 1042
1458 258
1005 1297
430 3
1419 1008
202 1336
1273 204
1456 865
218 638
856 148
115 412
1267 854
9 1036
1519 76
1307 832
1006 1565
119 739
624 1134
336 1010
356 431
1503 239
390 515
1046 503
697 1007
455 124
1580 368
380 634
12 1484
990 445
992 680
870 1191
243 1319
505 954
1186 874
1308 20
159 827
525 609
452 1079
1039 1276
1218 842
41 1480
666 320
110 1294
156 262
189 828
134 92
1475 765
1276 1578
925 187
352 1350
1367 1026
28 1395
171 897
571 245
954 1094
1335 970
1066 910
213 556
1042 701
823 1580
699 477
476 579
481 1174
953 696
419 61
879 1498
1167 889
411 829
1554 1076
967 960
282 73
1569 1227
107 974
876 513
154 1155
1373 639
1593 439
80 693
511 745
1354 562
809 456
786 480
1035 788
422 365
1208 818
1464 1386
1044 1176
155 807
1497 169
192 1242
294 1200
26 193
1181 1120
78 648
235 181
219 521
142 670
1440 416
1073 802
1213 891
931 728
1023 1367
499 681
671 450
582 550
816 622
1037 1303
1454 408
250 1232
1147 403
1328 341
811 1219
1426 152
1245 1332
85 793
368 690
376 1170
316 248
1163 1249
1113 1082
1435 683
464 195
1594 767
1400 1377
1513 1446
491 460
1174 511
868 1184
725 104
1381 85
910 1244
897 761
966 774
1191 752
1443 127
1425 811
357 196
92 270
502 1391
1140 544
1397 647
205 461
807 7
1480 815
75 129
1558 492
614 770
1469 1581
1393 1006
1079 619
1562 1101
907 721
1548 743
545 714
440 1046
774 287
985 627
1084 1451
1346 1558
762 939
1223 244
146 1529
1274 1383
170 1041
1496 13
822 1130
168 479
784 839
1076 1496
831 28
448 859
240 247
501 607
1253 567
375 846
113 1400
969 475
1550 274
1599 1281
1085 837
1209 1190
1126 123
826 853
1447 149
367 763
1319 1576
1378 985
1001 825
300 402
1357 689
76 384
1584 1456
66 705
230 587
1205 5
1557 725
144 359
657 463
982 476
818 1354
292 213
564 1131
1578 1029
928 1285
1382 862
840 856
1198 1171
402 72
1474 42
781 772
1067 319
15 142
413 1525
178 536
1504 1575
1523 551
57 1044
1055 726
1235 953
1165 568
630 41
1254 393
281 211
1168 358
1048 509
1232 343
1502 143
13 1234
1233 1128
340 604
439 464
1395 1089
1520 996
1545 99
1141 720
225 1452
295 516
1175 499
51 116
373 31
652 971
999 1366
1571 1275
821 932
1122 337
1062 925
201 697
704 308
1531 333
1231 1271
1326 920
1515 564
359 390
1093 1295
87 168
114 1208
791 1403
274 966
196 1197
675 282
738 1055
1427 1194
480 982
5 496
1388 458
1206 1069
220 1175
1289 1226
1089 1057
1492 654
1360 1482
478 1282
863 1291
690 525
778 535
593 1541
358 1059
161 664
1250 1125
1392 716
981 895
215 94
1200 652
1293 189
523 1211
769 1539
1477 1426
978 754
813 956
1295 995
10 1552
1080 188
721 1298
1483 171
1402 833
777 234
936 425
1337 1251
79 1016
1299 566
590 1062
559 198
627 424
611 822
1225 1314
1349 602
1304 428
43 47
1573 410
541 336
1091 1102
997 440
903 655
586 1039
1121 1254
572 771
1221 366
631 1278
1320 111
728 1070
874 817
646 575
412 991
930 1150
892 217
1432 1052
600 151
1390 881
1282 814
361 691
773 672
1230 200
789 1463
686 1236
118 522
1434 1542
1004 986
1541 1266
743 1320
454 1519
321 929
1060 1589
1270 906
95 1183
1211 1181
1589 543
1136 1536
1493 433
302 1169
128 1182
335 399
535 1005
397 1469
1433 1443
72 1075
279 738
405 1489
638 835
351 997
805 1002
906 101
1036 443
1014 880
962 225
329 62
660 583
798 1123
475 1566
913 819
277 1413
980 423
853 1151
1429 1162
44 994
1053 125
1592 1586
542 598
278 283
536 1479
153 783
355 1119
864 1560
314 992
799 112
1016 1571
11 944
131 1312
1082 67
937 843
693 1447
724 563
96 1140
1364 147
310 86
1341 1031
678 493
1577 651
828 758
1358 756
566 14
363 251
830 941
620 335
635 44
350 1243
1292 1077
345 352
1414 115
414 803
303 883
1300 331
1202 370
1472 637
1412 497
920 411
1430 1159
191 18
661 785
852 1080
1101 1359
1195 289
889 242
588 937
1347 1461
1542 741
592 1160
498 573
451 809
622 82
1587 863
771 1147
1600 2
129 1117
323 1198
839 224
1236 435
1582 1139
849 779
1407 389
410 1428
712 844
528 1401
190 600
286 722
579 1287
1099 962
1409 1450
1031 95
497 238
400 768
512 577
780 1103
1530 812
239 1569
873 1113
69 328
415 1071
62 35
1588 613
1350 1368
825 926
4 1072
1003 382
1154 1488
841 1334
29 315
613 968
1473 1187
1439 110
634 317
1092 1466
253 1078
135 1237
1543 1262
731 454
610 548
1489 330
653 1435
1049 126
1552 709
834 16
1420 362
694 1239
1517 869
718 183
775 297
444 53
902 1126
298 392
407 1283
1110 643
1256 561
817 326
1555 1497
836 178
1348 730
256 1115
1077 229
377 675
290 555
421 1468
1015 223
609 1432
1203 1210
670 9
32 131
141 1009
266 540
102 372
1428 571
1269 820
1452 998
949 698
93 718
988 32
98 706
1500 836
921 938
296 877
1484 419
551 569
806 436
112 1173
1540 292
882 993
1054 896
924 623
898 417
900 978
1137 275
832 1011
1143 1399
737 1304
916 1048
1057 1318
1237 750
1371 733
1478 505
50 144
1068 1592
808 1280
1132 710
385 1429
565 1385
1243 177
1317 748
861 1556
909 98
70 420
1579 597
3 401
223 1178
1112 1274
1229 429
248 858
595 1591
656 1355
1021 1509
1449 259
717 348
531 1499
237 979
333 1600
173 933
1509 719
706 838
1007 184
1336 1503
446 1437
713 1092
1075 1353
1242 1196
1142 1504
462 1279
1134 304
947 1163
1404 342
597 989
395 1012
681 1430
1418 951
269 91
932 1538
1193 510
658 205
1463 786
1183 1348
1088 1516
1065 666
504 286
468 700
495 918
820 1369
121 1423
49 138
1598 1084
730 1339
148 1138
1251 850
344 585
238 1550
1537 453
233 290
1338 834
1248 560
404 119
922 904
406 790
959 135
1129 409
1514 805
150 1473
677 1360
1331 1570
604 1013
1102 1302
1172 1346
81 769
633 531
558 1438
1597 203
929 1032
234 1544
341 207
688 965
1380 1224
1264 1531
794 1573
1009 612
315 882
1479 729
1150 240
885 1192
1120 1177
261 80
1087 462
761 141
16 523
1032 886
915 309
556 273
862 1563
1033 165
643 594
1549 153
347 625
846 1308
1422 1506
983 645
485 360
408 784
1034 841
1127 1267
994 507
1260 656
262 1259
1296 347
1421 1021
138 1381
709 400
1123 63
941 1500
1508 299
1356 1289
637 913
850 603
700 1490
896 1508
208 527
537 586
301 644
1323 860
842 1471
445 260
97 316
164 300
463 914
570 444
399 1186
1116 1167
447 312
1026 1111
283 106
378 208
372 1440
427 310
1303 57
1100 684
1501 305
927 250
1118 264
1058 957
911 288
749 1325
1234 909
442 1406
912 549
94 107
1334 367
249 620
330 474
184 1122
1377 1349
975 539
577 1040
456 650
732 574
1149 179
958 1164
1158 1418
1000 1598
1363 1478
392 632
38 39
926 155
934 782
587 606
796 641
759 430
1423 1091
1566 421
1322 218
1286 69
1362 1330
450 618
1568 1579
6 524
441 1396
1525 1380
417 764
1361 1060
304 322
961 230
140 345
971 1545
1424 988
1051 139
1081 588
30 473
55 495
1482 1533
1002 919
1176 963
172 1375
1351 653
1261 1361
532 162
1359 81
409 740
60 1037
1339 1301
753 1269
538 1116
1215 432
1027 380
766 318
1368 17
1563 265
318 975
265 150
682 901
187 1300
484 870
1098 1559
1210 1453
1470 1572
1442 350
311 79
714 663
750 1543
40 800
803 263
847 1203
346 1311
1567 1024
1533 97
180 306
1352 1088
779 212
986 1156
270 1328
742 1161
117 959
748 676
364 1597
1436 1231
433 170
275 884
42 1061
473 1309
663 1441
1038 749
729 1540
567 630
285 302
503 46
1374 1392
616 1532
860 584
370 1460
47 113
483 1472
179 37
22 658
1553 1235
965 724
1094 266
516 1056
869 755
1119 363
1252 1590
1551 56
612 541
599 271
517 1474
254 1207
526 947
1047 296
1207 610
1468 931
1528 338
1024 1050
122 849
1028 413
720 1168
644 388
31 773
1417 1223
945 987
21 671
1219 281
1535 64
754 682
1399 1260
88 533
216 519
844 678
802 1376
319 530
163 713
639 383
382 508
151 356
1491 1387
1255 1051
398 707
1090 1388
734 15
1564 261
871 628
619 1270
77 537
432 946
472 1209
45 1515
1384 532
224 276
349 1551
524 1329
379 1523
770 667
23 1416
944 220
1117 922
573 1238
552 1132
768 1034
328 686
1050 1105
337 1090
649 351
1406 727
1511 34
701 1264
145 1152
838 943
855 314
908 1253
1086 504
1192 415
291 175
942 1220
723 140
423 1574
522 190
1180 78
1197 1216
1576 1054
727 879
1161 1340
1471 1341
338 1502
1376 1481
904 760
1287 830
1450 483
776 592
1291 84
787 702
1259 776
1018 102
194 1445
258 469
877 1154
1138 908
251 1153
280 22
1247 452
474 852
259 1195
465 955
1415 361
664 158
1560 1065
574 940
901 54
708 1313
33 1261
785 103
71 1322
935 38
1189 1296
1285 967
1385 808
1228 662
199 633
891 1027
365 1554
1257 491
64 1043
1271 1477
747 232
576 1454
1103 280
7 255
1318 1379
74 378
1487 396
434 554
973 1127
188 794
606 482
354 1364
268 1363
1266 6
401 1561
1156 1577
668 972
99 806
14 1268
165 285
735 1023
1526 969
1345 731
914 501
594 861
185 717
520 199
443 1033
733 1067
36 1149
890 59
35 109
740 715
854 354
369 172
1297 1457
255 703
919 1351
514 1528
650 11
519 214
1506 441
435 744
125 873
1083 1118
549 478
320 1193
659 1025
488 766
257 1465
529 489
1446 209
1182 1378
458 227
193 542
940 1390
100 1415
139 486
260 269
1104 1188
933 1225
793 1436
1020 1185
946 1257
878 1567
1105 514
1025 905
1481 334
1227 872
1151 572
636 277
1467 797
1162 1202
1056 949
371 194
765 323
214 711
1591 694
772 840
726 449
183 1555
1013 1433
767 1028
108 70
970 1292
1012 665
951 1317
289 616
667 154
1387 1068
1144 1494
963 636
232 93
669 887
1052 1189
1365 1537
127 1449
603 1215
1262 1097
1544 737
1596 500
899 1019
231 27
1366 1402
1453 379
1159 1112
1488 1073
206 552
486 1357
109 857
101 1562
956 631
1239 915
676 311
383 1135
18 228
1408 591
1512 488
872 695
976 161
91 1397
222 1331
833 892
1301 426
453 1547
607 1098
1448 851
508 847
629 1299
615 942
1451 723
1249 293
1190 451
1324 1513
804 888
1278 1000
84 1258
1226 1310
479 1594
158 559
1125 1240
470 1407
568 1405
848 1229
394 787
745 376
1312 816
65 789
1314 434
1498 1205
1160 303
1196 546
591 1058
651 699
621 912
17 1420
917 45
1595 1425
625 192
133 1214
1405 481
348 1256
247 386
812 565
1010 626
758 1245
276 447
554 442
1246 898
1410 1582
1070 1588
790 983
984 58
544 506
1157 1358
602 321
457 1527
824 502
705 222
716 414
48 781
324 1035
819 51
960 635
438 237
317 164
67 1352
1072 1483
1344 407
