2599 710 606816
329 284
94 79
163 495
248 111
452 189
164 477
184 43
328 141
160 354
442 14
8 316
301 225
180 226
369 438
156 483
399 102
14 289
175 330
434 254
498 409
454 297
336 331
297 484
57 207
327 387
350 373
426 230
200 358
212 293
150 357
173 370
377 153
289 126
372 218
203 288
363 406
378 245
118 221
78 254
88 49
55 186
101 284
400 382
95 180
224 79
445 283
107 256
274 332
92 284
230 243
85 83
316 178
478 190
447 383
23 8
41 337
31 26
290 389
13 415
321 229
55 432
95 18
39 166
193 31
249 251
291 103
484 259
24 141
188 468
133 313
252 319
61 426
95 132
17 403
262 415
105 192
124 134
219 301
226 191
297 481
103 198
319 384
229 185
472 288
263 165
493 209
428 93
294 19
71 439
47 133
463 125
244 186
30 461
126 220
453 293
317 87
53 481
37 227
301 378
401 83
58 489
227 478
74 445
163 372
43 394
191 239
172 360
411 183
284 42
432 273
434 427
43 430
402 270
227 445
153 340
341 353
31 86
407 316
496 483
7 120
109 233
45 4
283 70
464 357
417 18
431 193
139 184
217 152
212 61
409 228
35 423
460 399
368 156
495 455
70 43
113 356
176 486
483 430
236 134
420 139
463 389
292 222
331 253
137 177
27 10
250 168
405 296
379 389
102 124
469 349
371 257
301 320
280 64
202 11
291 146
464 415
336 177
168 147
352 197
376 1
349 352
270 105
231 416
195 145
302 286
206 389
427 161
140 238
165 256
57 21
96 2
67 418
437 183
232 324
71 58
140 497
201 47
340 91
49 108
347 378
155 394
44 440
130 252
134 355
312 475
95 59
381 481
198 291
109 309
51 99
479 34
367 497
445 426
425 387
49 39
280 332
52 167
265 33
272 486
67 303
5 10
96 20
68 328
267 391
219 370
378 450
491 459
362 458
286 426
184 411
265 201
195 72
220 454
326 13
417 276
12 403
422 224
211 221
96 66
139 327
299 405
143 215
381 288
10 110
463 360
98 276
3 33
71 489
135 499
231 446
393 157
219 3
179 412
260 482
459 353
12 196
260 491
131 151
352 494
381 449
130 403
217 201
283 98
167 295
30 454
408 72
382 482
212 102
360 482
459 418
149 315
228 7
376 98
172 432
271 332
201 332
256 441
44 9
48 116
206 425
208 162
160 69
166 264
480 276
344 382
125 470
449 251
187 62
390 328
112 312
151 186
363 55
113 104
354 151
2 135
267 164
236 472
319 71
163 72
462 132
265 359
273 170
259 49
329 233
30 444
102 386
62 57
295 334
220 449
211 19
318 386
419 17
473 369
52 192
487 434
182 206
349 330
17 246
193 470
485 85
193 382
8 209
262 396
65 60
281 40
486 463
171 359
446 39
427 186
182 144
419 159
27 348
19 395
497 348
343 474
320 344
41 251
315 179
47 432
222 179
30 352
4 420
325 157
164 337
21 196
379 33
166 151
91 231
147 252
365 224
107 17
244 459
126 164
48 409
445 197
284 449
7 491
220 60
242 428
67 93
233 148
161 475
498 75
100 435
315 344
70 5
99 78
88 165
415 164
294 194
218 257
334 411
254 414
46 249
474 51
307 76
279 216
287 178
214 316
364 287
56 357
376 308
253 47
347 90
194 135
32 395
361 33
264 193
25 10
35 49
392 131
400 381
205 274
490 171
202 393
338 430
231 379
413 327
300 355
337 153
139 200
203 402
144 423
180 265
237 84
417 309
337 82
378 125
57 60
367 269
76 497
32 187
406 453
372 159
52 159
471 309
161 440
385 349
446 378
464 43
305 305
191 438
394 64
220 449
198 422
107 315
30 253
237 454
238 278
153 418
471 169
271 479
489 349
386 146
24 142
375 337
219 218
194 211
107 150
366 178
375 456
395 429
289 409
350 361
362 149
279 252
133 355
178 235
35 476
145 335
318 491
192 300
219 257
267 164
304 100
293 428
146 336
313 11
364 75
444 413
214 210
421 99
421 432
302 434
437 76
462 215
7 445
159 372
112 138
105 356
438 353
394 178
359 232
130 362
463 128
135 4
98 217
109 471
464 377
460 89
337 239
426 359
208 20
356 414
310 480
48 169
133 93
71 369
161 74
303 259
438 471
48 417
286 329
124 187
231 147
245 140
227 297
499 178
472 273
346 331
435 496
451 316
135 257
250 292
11 248
219 350
51 340
136 408
240 444
385 280
165 458
348 360
85 392
101 394
244 134
122 454
405 457
394 211
190 447
285 315
227 60
438 165
207 113
8 23
401 362
322 148
79 274
333 185
45 477
71 181
389 253
449 431
88 12
474 327
442 378
312 86
280 53
259 341
455 26
233 425
139 375
70 160
298 489
18 134
370 283
322 24
275 9
264 151
232 70
456 439
139 66
318 262
395 284
31 369
443 483
465 238
29 273
218 304
140 472
167 287
145 215
450 8
279 249
139 133
129 243
106 250
304 467
255 277
403 427
291 196
120 336
251 272
242 231
473 66
392 315
219 420
256 284
257 480
83 335
337 113
106 50
316 336
361 335
470 67
30 189
101 427
83 489
64 353
165 168
309 64
282 248
162 410
335 128
274 289
75 213
327 445
390 119
105 295
355 216
389 465
234 463
332 235
46 431
296 334
103 281
304 36
399 355
189 162
155 290
356 140
418 353
285 342
433 84
297 151
4 368
440 78
415 163
191 85
494 144
416 2
372 214
116 9
378 125
134 452
185 146
390 399
205 358
448 277
474 278
415 466
245 174
299 361
393 166
355 138
267 458
379 97
439 459
142 215
438 139
50 233
164 228
163 185
141 164
261 130
213 97
106 456
372 80
388 401
255 334
489 421
360 309
87 407
280 496
2 56
84 336
441 30
53 185
244 131
158 95
197 22
496 210
299 492
25 262
444 336
469 162
327 289
78 132
476 421
156 112
155 128
362 417
334 355
234 27
347 29
352 187
32 457
291 440
343 103
246 303
4 475
216 139
364 361
350 421
499 10
173 369
416 427
7 187
327 206
174 210
306 168
198 135
454 433
315 188
137 321
112 127
282 488
432 277
151 153
213 284
152 295
213 448
292 58
222 59
391 468
20 1
26 97
232 94
439 240
426 425
381 388
18 3
108 156
188 11
212 200
93 417
451 253
318 172
316 254
459 209
361 276
43 129
126 229
312 429
28 280
167 446
356 436
448 496
328 427
28 5
86 435
430 73
21 199
229 431
149 204
5 491
492 94
179 431
395 450
80 187
356 26
229 216
307 243
339 225
245 427
3 434
167 292
278 11
166 443
240 113
370 134
183 490
473 479
176 482
52 481
438 264
262 210
430 100
259 336
439 246
490 450
337 308
340 24
144 490
346 238
272 35
265 400
453 183
34 22
287 255
401 335
101 241
121 322
169 492
498 368
132 61
145 326
125 189
439 197
78 493
229 344
161 246
170 406
272 115
221 488
210 193
231 453
416 276
54 61
31 69
57 157
253 149
387 449
313 38
347 16
325 191
331 436
133 353
448 297
461 9
184 370
47 424
439 409
85 389
419 441
331 95
419 150
306 349
184 491
218 320
466 344
423 82
174 446
67 401
399 37
187 101
409 443
150 231
230 314
235 290
345 351
411 73
69 365
191 376
231 289
106 267
245 394
360 493
136 275
122 320
356 181
53 197
457 168
327 308
499 138
31 320
310 479
92 59
446 419
436 301
370 72
153 394
139 415
138 474
44 174
454 300
246 133
102 146
499 173
223 414
123 224
70 219
397 54
42 166
187 338
306 326
212 494
96 139
396 87
140 365
22 73
204 237
66 59
19 390
482 204
27 394
487 338
343 98
298 140
115 382
284 64
248 295
434 318
109 261
368 415
167 463
481 154
427 408
268 479
254 330
436 176
132 228
213 183
115 466
484 355
445 76
460 5
253 467
328 104
400 409
180 494
306 366
39 241
127 216
388 249
350 37
288 156
21 380
231 21
239 123
16 162
228 453
398 306
392 447
123 415
122 86
208 291
396 438
119 432
392 359
229 84
308 378
315 491
250 491
75 130
465 233
107 123
115 255
293 409
42 4
58 167
218 422
69 121
461 63
219 32
443 431
33 146
279 444
433 461
414 432
488 69
66 348
155 233
401 392
254 337
241 316
237 122
22 354
245 157
72 470
337 31
87 337
178 5
315 454
421 427
81 145
106 306
159 221
134 252
409 57
286 292
405 76
43 373
228 357
131 484
335 254
159 187
405 127
66 409
157 21
151 132
246 164
191 475
202 150
275 6
26 168
285 82
63 230
139 160
62 173
396 17
33 79
448 96
393 151
115 42
129 314
11 18
254 165
264 58
107 473
168 121
215 323
199 215
158 348
35 396
255 169
139 196
443 96
100 322
451 20
433 141
325 238
265 123
418 285
76 55
91 25
481 125
162 144
36 42
163 397
376 268
44 75
224 385
389 483
15 10
138 189
192 143
148 411
203 494
3 266
101 122
40 476
359 24
227 471
145 98
272 353
381 45
180 162
416 476
126 426
181 322
497 120
82 482
203 420
491 440
173 4
222 387
99 79
349 470
483 267
151 170
345 362
316 151
13 67
287 92
467 373
452 201
354 22
361 304
199 367
341 465
388 456
276 105
111 311
430 233
175 163
438 150
276 358
57 209
75 373
88 408
162 473
110 428
130 396
201 272
123 452
399 240
165 324
113 124
424 41
35 408
153 73
338 481
257 162
454 369
490 481
10 457
399 455
409 278
215 131
158 284
66 190
278 184
489 114
213 458
184 436
79 393
243 16
97 163
92 199
72 390
76 318
283 78
137 234
352 206
154 327
222 378
314 334
165 265
85 67
497 379
434 123
384 249
201 69
25 216
243 373
233 102
416 252
51 97
331 179
443 323
218 244
357 83
245 371
231 187
277 492
447 58
306 91
341 479
8 499
381 464
80 211
165 407
91 137
426 311
238 293
270 69
97 376
180 419
448 465
419 377
183 493
263 303
393 124
411 425
234 445
203 224
233 84
57 300
108 141
233 22
305 54
174 266
204 325
137 271
375 438
304 200
355 59
138 188
468 115
429 15
368 479
86 155
9 124
220 222
202 107
180 210
403 379
218 376
147 287
435 138
383 126
408 363
388 95
105 294
29 111
81 231
395 403
392 473
24 208
96 315
350 183
127 259
154 465
179 90
41 68
466 261
327 436
35 152
191 325
292 229
383 185
113 262
317 253
404 72
392 136
238 296
422 112
445 97
1 243
246 414
55 154
192 408
64 82
472 379
34 370
90 198
437 221
49 411
481 8
336 3
13 7
296 474
467 271
211 321
426 261
359 153
251 58
389 121
91 462
464 68
314 241
185 370
180 254
66 371
45 115
5 203
305 223
479 196
487 247
230 248
406 99
259 12
407 465
430 265
255 56
166 56
105 240
40 95
337 231
435 342
252 289
454 488
228 52
384 92
159 2
35 207
402 184
127 286
246 168
149 100
30 3
222 135
211 455
195 305
323 293
126 160
316 81
330 229
233 418
268 271
334 130
239 25
239 338
204 425
248 466
133 263
311 198
301 379
497 180
364 30
160 342
178 8
290 193
30 425
498 119
380 245
26 483
234 313
167 167
352 140
87 109
97 400
7 321
17 429
377 189
165 338
196 113
390 249
74 84
189 127
469 325
359 48
61 344
153 73
63 285
291 468
440 313
455 282
210 55
121 133
121 125
149 87
79 205
461 425
169 246
392 429
83 329
374 447
436 336
187 80
429 354
28 93
247 223
395 3
485 61
399 488
426 269
483 459
78 188
347 498
313 196
180 48
230 86
163 231
38 352
74 443
339 268
448 493
466 267
304 358
398 302
119 331
385 150
344 206
384 56
85 103
312 320
214 258
188 106
169 328
375 292
87 46
397 456
423 343
42 240
203 36
382 233
338 414
216 180
451 257
33 428
137 247
451 121
336 301
328 469
405 300
281 368
268 320
335 37
473 190
481 153
48 311
90 104
240 333
369 355
28 285
322 311
248 342
188 368
177 82
87 254
413 54
51 59
379 306
338 445
347 468
237 169
115 360
41 115
434 279
187 135
364 350
95 292
336 204
30 299
354 301
361 186
438 259
11 161
165 374
486 54
99 156
177 321
156 119
171 145
382 134
168 261
411 442
318 21
421 255
275 374
284 82
297 71
144 73
127 409
245 293
243 175
295 276
491 359
368 368
332 374
340 123
444 288
184 121
474 25
20 429
44 176
175 370
479 395
466 194
192 490
79 180
456 253
246 141
218 167
317 390
249 428
105 11
251 168
144 17
208 327
493 252
313 82
476 336
151 287
148 291
405 388
43 373
53 103
291 446
57 300
419 225
237 305
379 163
360 444
477 389
475 271
198 262
68 369
411 394
327 399
20 139
26 282
65 367
80 260
54 55
75 4
151 214
263 223
291 221
297 94
450 479
484 51
324 367
234 326
361 351
315 345
38 266
29 81
412 453
224 173
277 468
265 117
262 448
282 247
214 437
204 299
406 377
340 376
412 382
119 171
343 401
419 56
172 430
204 404
175 449
185 431
309 420
297 1
4 150
31 302
181 227
128 486
184 444
105 309
76 84
402 166
401 272
236 143
416 83
266 181
189 163
441 66
175 139
187 186
193 438
108 434
240 360
52 300
14 112
81 388
432 369
202 176
421 340
399 119
40 10
162 396
170 419
210 42
246 46
83 378
275 154
373 436
34 88
17 206
168 64
478 47
185 317
138 87
342 383
163 438
217 218
196 417
267 219
52 43
279 395
396 75
15 48
2 94
209 191
286 337
349 49
342 289
60 65
140 26
117 354
463 448
411 45
243 180
72 427
21 424
81 410
351 106
386 437
269 482
87 121
440 456
463 455
132 455
415 189
471 373
103 342
409 209
474 210
46 161
113 112
392 382
241 82
50 497
91 93
197 75
368 434
45 494
240 131
265 43
176 276
44 92
380 256
274 100
57 229
407 235
385 384
312 26
484 185
8 318
89 241
263 98
130 15
97 206
310 137
93 82
285 87
43 355
484 343
66 192
427 438
354 292
411 190
95 170
163 23
165 463
198 293
291 31
194 178
378 484
158 4
208 313
206 15
429 179
415 461
108 241
404 425
46 352
210 309
283 71
125 238
238 84
50 227
253 15
337 440
81 181
104 259
92 58
359 51
53 7
71 107
411 33
471 268
19 203
393 164
61 159
49 244
466 4
479 485
53 465
81 447
35 282
210 279
161 159
53 483
342 122
118 97
113 300
319 381
338 441
79 229
108 20
80 292
11 407
343 33
95 442
31 360
10 272
188 433
18 311
445 357
390 160
220 97
141 12
51 343
81 127
422 101
179 436
385 83
311 227
273 79
274 384
162 336
201 130
346 489
180 373
164 92
185 200
47 147
224 245
386 84
445 287
359 299
332 7
55 261
17 171
323 124
131 48
322 452
208 285
328 484
108 300
308 363
304 479
186 389
375 122
95 104
23 448
286 250
283 473
166 65
461 21
119 280
193 35
357 174
450 292
453 249
266 472
19 70
114 8
130 73
183 494
357 443
387 244
212 100
280 271
10 64
447 310
264 42
196 377
213 498
318 266
205 291
176 420
368 178
312 238
207 311
495 107
432 35
338 234
321 277
198 398
481 391
382 381
443 471
172 497
252 452
413 162
168 305
349 365
305 25
213 498
165 468
242 249
297 346
323 264
268 395
319 127
132 182
97 291
78 103
254 456
327 81
133 119
32 38
359 231
267 331
6 125
11 59
270 264
338 457
461 422
434 313
88 45
84 406
430 15
59 219
208 309
320 318
187 403
461 137
420 353
373 293
179 304
202 73
395 408
61 309
350 50
342 91
99 36
39 355
113 457
222 442
470 204
359 198
134 285
139 295
384 289
56 474
464 311
239 105
419 30
98 423
433 494
141 174
258 482
42 190
203 240
131 12
490 284
386 418
211 137
269 287
493 31
276 430
300 107
69 245
366 326
303 470
432 110
39 466
66 389
97 160
246 60
389 96
27 206
144 100
412 131
128 292
175 311
133 168
24 20
196 347
297 132
492 114
8 171
143 402
81 400
9 346
11 156
260 426
234 263
68 40
175 303
213 285
171 471
44 216
386 16
111 191
298 352
244 179
300 312
101 167
190 139
316 205
238 148
80 132
491 260
499 148
431 466
294 73
338 69
277 111
5 326
221 111
442 375
280 143
77 321
164 443
337 472
70 23
344 198
186 309
145 286
315 367
356 173
359 245
52 443
187 39
392 263
439 383
321 381
499 145
181 434
360 456
132 335
364 239
14 254
177 35
80 487
441 274
65 202
419 71
401 4
475 200
63 242
376 151
58 392
218 376
441 213
324 481
177 409
186 11
468 361
69 440
204 134
58 376
244 48
220 475
200 336
293 469
282 430
487 34
290 202
56 10
64 8
4 36
282 210
466 25
369 293
82 129
50 407
272 113
290 286
466 1
74 383
162 136
138 409
482 170
463 264
3 451
79 295
232 224
479 382
185 288
141 264
192 74
366 405
80 328
239 267
137 155
89 278
452 300
95 165
223 158
218 426
440 259
4 491
475 379
234 400
331 163
423 399
141 400
355 215
473 19
415 205
46 141
112 95
158 77
118 492
136 154
208 14
488 341
16 338
205 484
359 38
491 4
253 211
85 147
352 382
215 183
221 326
275 197
48 336
446 75
226 248
431 164
388 247
278 252
438 112
318 449
31 52
391 155
319 193
269 195
14 186
490 237
311 125
90 470
143 220
228 9
66 337
396 59
308 37
153 462
144 23
473 13
354 408
284 401
163 61
296 271
81 487
381 70
466 221
386 81
352 21
458 272
477 368
339 132
433 235
300 271
262 492
188 409
222 295
343 318
137 407
363 325
365 226
26 117
121 329
59 335
162 398
496 358
444 235
374 357
126 457
216 447
144 479
404 103
103 380
43 223
23 226
200 247
111 193
436 65
301 337
203 123
135 338
178 275
201 287
135 109
166 266
477 26
394 126
146 323
213 46
206 321
358 328
365 323
242 259
247 230
43 110
498 160
47 139
114 100
399 364
160 129
187 60
84 261
425 150
305 365
85 336
322 464
88 43
498 98
422 323
448 384
384 303
202 266
57 345
369 61
216 275
449 384
114 242
312 301
456 489
440 310
298 462
189 135
352 233
396 330
461 410
32 342
64 389
129 478
101 33
133 434
310 474
391 146
68 279
164 412
166 192
339 218
401 383
224 176
63 45
241 340
43 174
409 354
339 18
364 332
497 240
307 191
283 428
283 458
489 374
206 301
206 412
133 99
170 179
417 197
481 468
396 227
16 166
342 59
109 61
85 296
323 114
233 52
73 109
446 265
186 108
252 184
68 372
438 437
238 34
452 60
80 489
332 462
326 214
340 32
212 156
77 32
105 376
222 243
101 342
121 185
196 55
261 61
312 383
259 268
318 370
166 460
60 339
116 339
294 39
358 30
107 437
147 148
455 497
474 141
165 200
92 267
277 78
469 234
404 436
421 230
106 26
153 497
105 307
185 182
268 395
228 6
338 313
255 381
388 493
343 146
68 313
312 362
376 384
105 69
66 314
323 88
214 83
108 361
417 23
124 179
266 175
352 300
239 37
315 276
131 458
411 86
210 20
244 413
1 339
324 220
8 229
113 53
23 436
253 476
482 29
400 122
65 499
308 29
421 254
217 355
160 493
61 230
233 12
250 435
457 29
232 450
226 191
336 264
428 25
267 366
275 323
371 416
199 205
177 217
459 124
431 89
419 9
348 260
137 480
60 354
250 402
395 413
454 173
35 21
303 44
381 436
146 393
90 354
330 168
103 264
399 477
173 31
74 71
483 236
352 446
487 435
71 233
264 120
44 160
396 326
153 332
154 465
410 268
374 332
269 115
262 68
185 373
119 436
482 396
309 179
129 69
77 313
48 396
73 427
248 130
267 281
185 245
149 364
323 390
363 16
384 307
416 66
380 115
408 268
11 243
418 14
366 490
363 439
302 426
341 201
388 239
415 78
243 202
152 230
285 244
330 223
430 131
493 127
95 153
95 362
314 81
141 220
33 294
217 179
475 173
24 33
17 48
98 44
61 22
463 114
10 176
99 276
413 349
490 487
484 395
446 205
465 319
354 404
334 379
327 498
215 112
183 441
173 264
288 141
67 355
431 128
395 228
99 285
442 23
175 327
30 85
91 417
407 119
445 364
233 453
340 490
81 487
416 348
428 362
2 244
326 476
345 99
245 155
497 190
359 181
320 18
21 370
465 249
396 402
53 423
388 436
203 72
295 169
266 76
277 491
139 387
365 25
448 391
418 318
27 451
185 240
171 107
199 400
249 171
92 208
333 40
489 206
329 467
366 446
78 206
70 473
372 404
456 474
1 323
393 196
270 95
349 483
260 29
456 434
426 89
140 493
115 426
462 88
11 445
356 28
349 430
443 129
58 448
153 323
35 224
98 125
255 187
398 100
10 307
366 252
229 462
82 84
100 149
66 194
102 360
360 419
343 405
364 340
73 108
489 284
157 360
255 309
34 181
469 14
328 199
95 83
422 312
62 268
447 415
68 484
201 274
448 279
274 108
56 333
428 87
476 254
450 99
151 246
468 462
213 384
348 179
341 333
395 83
344 402
40 433
142 217
411 64
360 134
267 311
99 194
157 445
324 499
492 202
327 6
379 231
60 392
241 53
84 376
380 177
399 125
75 128
412 79
305 480
196 404
328 381
21 283
220 172
107 126
238 480
464 246
113 496
385 302
309 344
131 59
398 50
20 341
443 263
433 172
336 45
118 471
490 28
128 78
231 181
274 93
351 91
362 124
414 404
381 428
487 129
343 311
128 262
177 287
333 175
403 302
123 404
155 340
237 254
34 436
169 210
418 340
298 55
213 134
391 466
354 83
334 391
433 250
487 337
226 321
139 60
20 288
209 291
161 421
103 468
196 76
367 177
248 242
305 280
379 71
203 270
442 334
104 493
436 367
25 318
245 153
410 472
155 122
489 304
437 90
247 99
383 477
274 381
174 303
262 270
276 142
101 255
263 321
481 333
91 93
481 134
46 301
359 330
298 486
40 365
178 491
111 499
124 278
374 203
224 215
24 380
441 299
157 439
192 448
105 184
216 437
119 251
444 372
156 131
498 433
19 224
129 260
355 97
145 261
209 438
298 266
401 64
385 341
253 126
343 356
13 182
191 43
487 52
265 488
426 80
154 397
316 164
46 146
418 11
170 410
305 197
363 239
275 27
249 58
126 175
287 150
336 84
357 264
128 371
387 406
57 466
164 351
447 164
402 106
448 93
79 190
289 415
168 357
177 267
454 160
385 497
215 89
39 451
423 360
257 497
28 417
255 8
235 328
293 454
273 288
31 69
72 408
195 491
288 482
411 293
29 368
207 400
204 273
303 55
288 309
106 49
444 2
108 277
203 244
192 177
67 486
331 49
314 289
204 457
269 31
135 97
405 267
329 350
55 466
100 1
84 330
222 133
324 216
200 85
363 425
384 452
328 282
207 172
488 132
328 209
455 50
142 309
80 289
340 212
467 407
46 173
78 229
169 31
259 411
179 453
350 412
168 344
52 95
349 332
201 21
294 470
277 40
79 42
389 135
256 422
175 32
243 23
379 114
486 31
396 102
474 190
373 297
465 407
118 283
262 144
233 308
318 306
18 478
44 135
186 469
151 487
403 494
442 309
21 19
445 208
224 302
149 333
77 150
263 268
90 57
310 304
457 229
251 405
364 351
1706 154
819 24
2402 2089
1455 1644
2580 2114
2164 493
875 2143
2516 1667
2333 2009
2579 1555
1072 248
1453 1193
726 618
275 1923
1787 1964
1474 1632
1450 53
1032 252
677 907
830 1887
688 980
1047 1551
252 790
1541 153
991 1142
2504 29
1408 1353
157 2204
1757 1085
2478 1195
823 324
1814 1307
2054 235
641 817
113 2586
1710 231
1811 209
1832 1359
37 1133
1316 967
975 1952
2249 2285
1627 819
2040 1680
1964 662
2137 426
827 2355
549 1235
2130 756
248 2409
508 121
800 1042
166 1357
312 1476
1732 827
1477 67
1895 1706
741 843
1891 6
907 261
2176 968
1260 1831
1346 938
2143 113
1778 1031
217 800
1266 2465
1113 834
493 2432
2243 1605
1238 558
629 280
1958 2171
702 362
953 469
583 549
1678 2249
1382 615
540 1421
1489 1568
2304 1787
1735 656
1216 1988
1324 1731
227 741
1728 1408
153 1361
1059 1317
2551 111
808 502
111 1811
2588 1795
1150 2213
183 1805
930 2547
24 833
1350 371
1053 1465
2142 1132
1168 593
900 1916
2467 1445
2035 430
2187 2261
179 1801
347 2142
672 1926
1097 398
222 704
1063 316
751 941
2114 2418
1191 1655
2009 1911
691 2398
1877 2362
792 2180
532 808
98 314
1428 1032
1561 520
1546 57
2081 733
1632 691
1544 1108
2365 1879
1267 44
1132 2341
2204 1058
433 42
479 953
290 1141
904 2535
1797 1609
474 1840
57 2056
500 677
1604 1705
936 84
324 338
1418 1088
434 2217
1133 1723
1588 1613
1550 1013
2548 1212
1334 570
2472 216
1944 803
1437 2479
2441 2248
1329 2076
1111 500
316 847
740 1346
1967 1146
2529 1107
1999 2439
678 508
711 2515
2586 1053
239 1089
2057 2130
207 379
2272 1564
1812 792
2363 1097
2448 2579
1571 2573
1894 670
1805 408
1896 538
843 2478
1555 66
2237 207
1533 1544
623 412
676 2562
734 797
100 840
1421 1932
1207 77
2063 985
1388 540
412 1105
1972 2497
2226 1462
253 2304
1655 678
1110 1541
258 638
29 1113
1629 389
220 217
426 1972
2180 809
1766 2319
1513 1401
2001 2282
461 116
336 1020
2120 2040
1357 1450
1341 875
2033 1538
733 2054
374 1722
620 887
453 2272
2036 1418
88 80
502 1186
425 900
1667 2138
803 1896
367 673
1485 1266
2547 1063
1429 1986
256 187
817 814
2471 2448
119 446
2200 1629
1454 860
1505 2299
1067 2411
1688 106
790 2441
2381 2598
574 2386
1013 286
2484 895
2573 189
272 1683
1205 1209
1976 2436
1212 904
130 1380
6 1197
1209 433
1361 291
2261 2575
1613 1164
839 1388
1122 1431
1691 855
259 1303
404 633
969 2168
1919 325
548 1159
1432 1004
2533 1742
1089 583
2201 1627
2159 1545
291 1377
1803 237
1431 353
469 272
1605 1550
2341 2472
410 2120
2007 641
2432 1492
1440 841
770 751
1142 472
2598 607
2089 1044
551 1428
546 762
634 404
1551 425
834 1040
429 1067
2510 2402
607 349
1986 206
379 1520
624 2522
1203 1575
2082 179
2017 2298
769 522
1436 1757
2286 1191
931 688
1801 1886
824 336
773 634
505 1803
1190 676
1372 123
1879 2234
1257 124
2220 1519
2554 623
472 100
876 1571
154 1721
1675 888
2572 25
44 1008
2449 2284
84 601
535 1286
777 1203
106 572
32 296
444 2004
1031 773
509 434
941 230
1381 1891
2076 1747
1186 501
11 259
2489 2558
1955 1985
1816 532
662 969
2189 1134
2477 1453
661 1208
2558 2440
2060 2516
1568 1052
1195 580
355 777
2196 1231
1840 1889
1252 734
2436 2085
1912 2224
1208 2471
847 461
2376 1180
2147 1424
764 551
501 1190
1975 651
962 1325
2487 1769
1940 1189
1286 1516
570 1513
860 1572
171 387
1161 783
1253 1477
1378 962
269 804
881 1455
2282 876
1751 687
1926 2007
1524 1332
1359 661
1108 1946
1146 1363
237 2548
867 1437
2046 1228
402 2352
1934 2082
1069 1816
2390 1271
809 1728
2575 1069
1088 1813
1887 1912
371 1866
1380 2312
1923 1454
1228 2083
2479 2044
8 931
2181 305
66 1341
1680 769
645 1698
235 1524
1462 432
2285 1894
673 1463
2386 2583
1476 1316
261 2163
2355 1270
209 1110
2590 1565
1391 32
123 1832
745 758
967 1387
1886 1041
1492 2060
1325 1381
1401 98
2442 1205
1414 2431
1946 2331
2440 535
1980 2504
2468 1253
855 839
580 2081
727 402
2584 823
389 1967
1494 711
1520 88
520 2176
2439 2179
1270 2477
1795 1414
230 2510
387 509
2538 1485
2171 1059
67 1131
1387 1255
1400 2219
206 702
2264 239
2116 954
758 645
1225 553
611 2100
2352 220
2213 867
2044 2584
1538 2467
28 2442
1867 1489
1831 130
1020 936
1321 2267
1255 1036
1866 2263
2418 1207
2335 2237
522 2035
2004 1546
615 101
53 2033
2398 444
2331 896
1105 479
208 1621
1644 2455
175 1999
670 2588
1180 2046
1545 1474
814 930
1516 1955
446 1350
280 364
42 1735
1237 1797
783 1047
2562 824
618 1588
1721 770
1445 147
362 1778
1862 1269
887 1759
1141 975
296 1320
687 2057
873 1675
601 21
1041 1976
1026 196
656 1378
1813 698
1463 2137
637 2236
2497 2225
2217 2243
704 2529
1769 1249
430 2073
1131 1440
1044 2131
1898 2376
1889 672
1303 1436
101 2116
1723 1334
189 675
553 495
2085 2200
147 1802
1164 290
2299 1975
216 380
452 2560
2219 1321
980 1068
2216 1111
2091 1814
380 455
681 842
1985 1267
77 1549
2312 1168
56 1672
1317 1505
841 1809
938 1909
2594 2592
1197 465
797 1678
2411 2072
2257 1962
896 452
99 2381
1230 1561
407 1751
1420 775
1909 1656
1231 1746
1068 2554
2236 1867
398 2201
1672 2590
2138 367
467 1950
2560 765
638 175
2431 1391
477 222
2163 1072
2280 1252
2279 1354
408 727
1040 319
25 2533
121 1340
432 166
85 1260
1519 2159
765 1766
1633 2167
2168 991
1747 2220
2310 1459
2131 407
1759 11
651 2017
842 629
888 1237
21 620
633 355
2404 227
196 2310
2072 1688
1705 1216
1932 429
1698 2115
968 1225
1085 474
1036 2449
80 1200
1746 2538
771 1630
2100 1150
2224 1065
756 2196
2284 2489
2083 70
1575 707
1159 37
1565 1980
1134 2468
2056 312
1008 1432
1307 1924
1802 1038
1556 1560
70 1467
1809 2280
319 2487
2225 56
1042 2484
572 2333
2179 1393
1467 2390
1235 1876
621 2408
1377 548
1950 1329
1424 2036
116 1934
313 2279
1631 2226
282 830
1004 1895
2426 1940
1332 1512
1646 1710
1189 1400
1742 85
1170 1622
2234 2189
1722 258
2408 873
2000 2063
1249 2335
1393 2001
1107 1919
2267 410
1622 2216
465 881
1564 1091
1386 771
2273 1604
895 2273
182 1533
558 1631
1621 99
1320 1556
2039 2572
1784 374
1512 1429
1911 282
286 1372
1962 1862
349 1198
1876 477
675 2181
2167 2404
1193 453
338 745
1630 2594
1340 2187
775 1732
804 681
2133 1161
2409 1238
2450 1944
1065 2000
538 1898
2073 621
1038 1877
2515 2210
1375 1093
1363 916
2319 2365
2535 1494
2522 574
1091 637
2592 183
364 624
698 2257
1269 8
2318 2286
2115 1170
1656 1382
1572 1420
2455 253
762 1375
305 256
2298 546
1058 2091
707 2147
2465 313
985 1257
1683 1324
1353 726
1582 28
1916 1691
2583 1784
1731 1958
495 275
1549 171
353 1230
1198 2164
325 2450
187 119
455 505
2248 157
314 2133
916 1026
1560 611
2263 2318
1093 2426
1952 1122
1465 2551
833 764
124 740
1354 2322
1200 269
1459 1633
954 347
1052 2580
2322 208
231 2264
1924 182
2362 1582
1609 2039
1988 2363
1271 467
2210 1386
840 1646
