1652 449 376095
429 27
374 172
189 43
496 479
370 314
498 476
242 88
338 246
458 229
363 451
124 376
129 474
259 68
39 421
188 166
46 130
315 146
203 69
337 110
42 167
46 263
469 301
29 318
362 313
319 312
256 276
381 426
486 490
38 421
84 83
203 486
22 63
231 317
82 393
437 318
59 242
182 478
381 102
207 332
333 379
145 132
331 305
210 360
417 46
220 484
451 131
177 129
320 400
460 357
426 446
57 397
261 167
185 82
246 445
363 168
77 213
120 269
322 470
127 36
337 79
232 176
202 243
145 102
47 174
91 73
111 155
132 438
82 53
325 147
202 255
112 344
259 194
466 339
101 381
307 17
283 322
465 373
213 434
62 11
219 58
47 13
437 411
163 31
56 343
230 200
238 245
302 348
334 450
42 219
74 480
138 175
347 291
432 365
242 216
153 13
479 165
239 287
216 44
122 56
218 221
237 309
62 198
183 423
272 299
10 345
480 401
414 117
166 122
426 209
352 325
116 195
74 418
242 356
388 289
95 35
453 380
325 298
11 21
404 351
171 28
127 162
29 433
33 268
370 35
41 76
72 28
27 195
471 57
433 287
79 3
135 55
121 33
160 123
32 42
329 332
346 84
8 475
149 143
456 473
350 311
56 492
491 442
318 357
49 91
93 136
135 96
142 372
7 101
289 47
226 26
205 91
263 460
291 309
455 393
167 132
238 279
391 434
18 178
379 311
477 470
398 402
348 267
359 62
312 368
189 384
70 132
213 419
258 426
248 340
430 276
395 230
292 399
230 23
185 332
94 267
96 27
22 349
87 187
61 378
220 13
172 361
318 323
325 47
309 368
249 436
490 462
180 426
113 66
127 229
212 343
83 364
32 182
495 308
365 453
383 261
461 97
282 42
352 275
18 426
258 490
189 84
129 480
445 471
15 75
191 37
159 299
115 272
365 496
192 481
246 264
232 39
242 165
246 209
306 3
457 61
167 21
216 52
460 212
413 302
401 272
220 468
294 96
381 30
267 242
230 180
495 117
104 470
19 193
245 63
446 396
384 380
5 466
404 330
285 441
223 334
222 481
246 208
215 115
365 43
148 200
477 98
299 198
299 448
22 32
330 36
374 301
467 122
249 171
376 282
387 36
27 73
259 328
81 427
129 194
382 346
496 443
207 27
490 480
373 42
148 410
332 360
393 24
490 398
449 386
326 422
32 284
466 7
12 127
217 178
289 16
256 376
233 13
413 473
83 438
468 409
436 312
102 190
373 198
28 154
121 23
156 75
15 176
46 326
5 131
232 478
420 259
50 494
15 179
256 156
481 272
436 293
280 204
435 254
210 354
480 111
32 325
333 254
114 482
368 412
159 417
149 107
249 484
290 338
474 282
187 232
138 356
119 375
433 479
294 69
413 493
77 29
324 221
485 277
58 373
475 186
64 3
253 425
198 381
271 29
50 8
376 14
484 349
36 403
360 124
216 21
56 118
293 263
385 289
88 434
440 133
93 429
56 227
204 33
215 210
42 274
170 92
273 7
146 422
112 122
418 234
204 74
92 183
417 290
406 38
83 247
321 119
243 236
24 437
4 167
33 489
31 373
20 105
9 338
277 255
155 154
163 294
193 276
81 196
58 93
356 380
317 31
78 358
185 120
126 317
378 105
496 77
489 434
107 317
99 314
305 171
5 276
245 453
346 416
384 21
385 396
328 113
120 211
233 148
395 228
293 119
221 50
437 246
44 470
172 437
477 267
324 147
288 386
29 300
372 453
208 340
279 292
471 31
87 218
495 155
225 85
182 377
375 143
461 492
412 250
94 172
331 8
477 275
127 104
181 47
10 195
70 207
18 279
56 68
284 395
322 209
175 21
475 273
443 52
83 204
259 91
70 143
91 76
359 72
290 266
131 248
432 148
137 195
205 487
401 346
414 66
369 186
401 265
350 371
93 402
428 264
419 156
246 270
398 342
392 220
340 216
460 336
147 312
120 311
113 178
457 276
209 382
370 450
222 64
7 55
469 246
247 400
410 412
387 106
35 104
90 350
331 482
100 310
397 237
379 120
201 482
144 131
420 335
251 263
98 313
356 199
437 264
389 18
398 224
210 421
270 444
290 51
391 86
113 282
153 408
5 135
30 19
353 47
492 37
249 165
294 118
213 258
45 266
288 109
353 390
412 161
55 492
17 255
117 411
373 283
324 106
377 224
276 65
120 89
266 277
372 283
358 66
170 192
9 86
407 89
140 424
282 453
253 410
56 303
473 259
296 231
74 50
328 131
225 403
146 24
219 172
65 386
35 120
105 181
288 2
197 202
265 440
145 157
428 34
376 57
349 348
452 304
482 106
65 231
71 480
119 77
124 188
493 391
274 170
263 145
466 229
58 103
420 342
119 376
459 19
15 52
57 270
74 306
95 318
76 360
111 286
207 335
1 271
421 494
196 58
266 410
53 361
6 44
130 488
35 405
299 53
174 241
337 83
190 270
2 105
188 423
67 210
323 461
378 311
484 186
302 363
230 286
442 251
340 256
333 494
457 397
236 326
209 326
403 193
473 328
162 54
269 227
41 417
241 410
408 342
72 250
140 274
367 429
11 232
260 127
209 371
89 464
171 18
1 265
324 148
223 463
226 209
489 393
32 199
372 210
402 365
61 347
54 5
363 369
317 354
205 149
155 165
249 419
146 332
218 347
353 212
473 253
25 225
379 126
44 270
265 464
124 334
271 406
326 368
199 301
314 377
224 454
86 288
274 84
179 225
101 191
388 403
71 417
223 383
415 251
275 179
248 329
466 300
462 159
100 455
428 457
13 4
345 230
142 208
178 147
60 57
184 9
448 406
401 467
376 66
441 198
415 269
71 287
100 494
446 388
125 224
268 112
125 328
286 295
33 348
370 249
417 413
84 60
306 410
65 51
295 123
485 140
51 485
114 212
65 3
308 453
217 331
318 217
456 142
364 85
25 175
298 273
36 416
57 452
496 286
431 100
115 337
206 13
380 427
52 375
336 393
449 200
163 131
275 259
404 158
303 128
75 493
409 14
229 481
458 212
320 262
199 72
412 66
195 449
31 182
451 114
251 284
152 487
59 392
135 165
161 38
101 72
8 493
84 188
131 413
234 391
321 333
216 408
294 424
181 103
20 295
498 75
436 413
225 112
405 264
457 70
422 43
108 468
289 445
112 104
333 57
255 488
496 42
437 107
482 260
466 300
208 51
114 371
425 147
230 484
5 368
145 98
136 308
403 67
204 15
177 344
454 485
190 251
386 302
474 33
124 198
122 91
483 43
7 169
59 108
195 118
35 440
132 388
163 72
365 83
360 253
448 197
386 166
373 373
436 65
407 204
270 474
477 25
485 210
490 182
334 482
409 191
258 57
75 472
472 247
400 105
207 211
361 318
269 352
61 379
406 47
44 82
287 499
419 194
144 81
321 395
60 348
298 44
161 250
150 17
405 353
15 90
254 64
467 50
298 318
281 246
66 64
132 269
220 206
496 422
124 424
131 158
60 79
214 198
389 468
471 107
452 167
419 327
104 344
399 302
15 200
346 190
488 44
194 178
494 439
254 291
123 32
368 470
282 425
446 74
135 202
359 29
58 295
136 489
333 345
288 97
50 468
409 288
213 129
171 274
475 161
50 306
74 22
340 393
233 278
353 271
223 181
385 120
453 113
194 479
220 395
482 207
497 453
128 90
451 41
22 188
452 275
473 422
323 497
117 272
194 90
351 219
65 140
349 228
318 404
342 151
38 340
274 453
99 227
234 385
178 246
363 15
484 429
254 461
400 47
159 53
276 373
403 133
264 262
25 403
407 120
34 47
458 357
305 174
56 366
260 449
269 201
29 162
304 189
477 179
414 176
101 218
285 267
395 222
485 91
432 136
492 466
468 383
387 59
486 316
237 430
126 484
135 116
237 134
180 258
474 14
273 372
456 297
343 460
43 48
462 3
406 469
248 325
240 459
179 293
386 306
261 440
9 317
16 407
416 131
462 286
342 178
452 11
267 294
116 428
84 393
65 16
7 176
266 266
485 383
118 494
121 89
204 440
52 180
440 493
267 298
233 459
265 71
192 239
319 287
200 486
87 241
216 38
28 352
206 182
86 84
380 10
113 321
494 314
410 124
360 275
140 245
480 200
90 168
232 214
127 174
405 305
491 207
239 252
45 337
274 16
451 317
273 53
60 423
389 135
180 84
161 414
466 155
426 60
485 311
469 90
446 29
366 366
289 323
108 162
27 473
139 260
379 433
392 229
12 250
51 251
389 449
455 219
465 407
86 256
461 295
419 269
447 132
100 323
52 220
488 142
275 480
342 248
93 306
372 460
105 218
386 376
61 276
104 77
98 482
306 488
381 402
194 81
7 496
297 256
27 295
197 353
147 224
466 296
146 267
268 302
414 41
257 232
128 209
167 110
291 400
200 209
274 175
462 283
304 4
168 156
16 334
159 452
209 1
65 329
408 354
257 258
292 242
3 459
101 342
348 365
343 479
110 243
239 159
104 236
81 308
6 82
319 443
408 205
492 357
429 107
140 316
244 438
494 55
256 327
60 227
305 473
259 290
385 47
160 35
377 86
496 233
354 170
189 32
179 25
66 224
199 22
84 99
433 218
88 396
12 336
494 437
245 469
481 162
241 455
164 348
295 359
243 101
458 214
173 127
28 418
301 84
485 151
54 234
116 13
157 457
495 10
197 340
44 78
37 18
288 237
99 430
122 257
36 54
24 486
294 178
154 298
220 338
78 144
224 118
62 404
499 164
472 65
204 159
72 459
204 395
235 170
213 29
244 478
168 482
491 107
323 392
410 63
80 345
249 383
258 478
486 39
114 174
76 380
27 80
347 375
119 429
436 201
393 244
321 173
238 449
351 217
168 61
184 211
278 252
358 89
173 287
113 479
262 62
401 296
15 474
496 36
10 415
309 454
243 11
157 472
107 99
97 420
244 157
16 14
367 224
250 152
153 468
71 367
203 149
299 328
267 333
201 101
85 51
372 231
215 388
182 170
492 303
472 202
88 36
172 303
74 76
239 466
310 156
489 27
186 169
388 68
442 493
234 114
342 376
316 6
156 405
84 455
176 181
384 356
367 6
273 142
387 159
412 114
381 440
248 478
412 34
368 200
394 214
236 77
462 220
15 201
369 309
480 220
281 398
252 234
350 498
432 450
129 46
347 317
357 152
159 269
32 168
390 194
489 70
491 425
412 206
454 193
491 372
373 330
138 257
203 229
162 205
478 159
17 225
38 242
426 260
31 240
232 279
203 451
263 36
429 15
280 15
478 61
278 51
160 86
153 165
170 164
490 42
126 18
413 195
189 338
268 211
379 164
248 8
485 105
239 155
39 135
6 343
482 42
248 212
118 291
297 135
321 286
373 20
412 111
272 6
111 489
133 151
65 74
98 117
488 298
481 201
316 37
381 97
129 170
473 398
437 475
487 420
255 285
396 243
147 259
345 451
438 313
429 425
477 462
310 356
87 329
262 147
215 291
83 252
497 336
422 431
123 193
385 498
282 287
66 66
258 66
379 306
312 225
382 225
250 76
466 42
274 421
205 493
280 336
264 325
90 293
103 47
408 375
57 128
152 411
30 208
469 238
44 411
394 489
47 239
232 450
306 403
313 149
244 99
275 439
153 105
30 147
240 392
131 347
183 293
396 409
86 243
336 11
464 209
417 483
132 134
233 64
266 105
269 419
127 364
89 372
488 412
135 294
193 263
121 183
139 304
492 496
480 476
232 69
156 171
399 381
175 462
216 139
254 304
350 354
396 396
367 205
227 24
307 264
136 430
331 326
410 322
15 142
443 328
269 247
239 207
62 219
359 348
223 401
425 331
229 272
160 225
278 219
379 316
414 451
430 184
90 22
39 212
62 393
125 165
334 345
23 65
68 155
304 61
97 384
68 363
35 54
476 387
265 432
494 119
142 85
53 387
76 45
397 189
183 105
23 358
107 234
453 163
211 347
403 60
464 326
119 286
306 317
182 491
380 96
440 146
281 375
181 35
465 260
479 134
431 283
112 464
185 386
398 151
54 32
326 189
40 494
120 350
214 365
54 296
454 132
327 328
62 130
172 90
490 24
317 134
269 316
327 246
46 380
83 189
414 283
241 111
33 96
457 378
248 418
448 355
426 41
261 424
298 59
79 364
31 463
19 99
181 489
437 40
87 368
18 98
235 261
250 360
265 109
70 261
110 222
261 496
163 210
47 362
252 103
29 92
225 27
164 239
234 50
454 39
354 276
325 469
18 104
248 486
380 44
463 370
295 345
423 88
22 284
122 261
443 267
430 419
85 261
81 308
340 58
455 19
243 485
174 60
248 20
137 217
421 158
29 281
404 376
57 9
372 389
426 479
407 332
129 86
55 250
463 178
255 439
111 396
118 39
97 477
12 158
231 488
301 77
294 3
186 399
278 385
423 312
424 391
400 405
24 72
256 498
10 472
196 178
304 163
355 352
336 448
86 392
151 94
160 242
294 98
184 11
131 13
287 148
402 347
387 205
79 87
140 391
339 69
5 287
24 262
73 495
453 470
49 453
266 102
268 151
233 107
401 205
47 446
488 161
16 496
123 368
454 330
10 79
170 133
193 414
273 24
51 422
137 419
384 271
227 396
332 93
162 391
342 448
198 15
429 312
398 181
347 244
201 288
188 206
87 21
183 241
455 295
417 420
215 476
472 89
2 141
412 311
66 217
384 266
378 495
447 204
163 2
328 79
430 284
47 478
354 163
51 215
429 90
42 35
67 291
480 203
58 249
439 498
19 227
405 112
143 146
137 326
3 318
438 109
488 297
486 26
352 134
455 381
379 167
113 330
438 206
62 235
119 322
427 399
396 339
83 398
495 492
394 129
265 295
288 61
441 18
71 42
453 427
256 257
361 249
213 92
314 447
413 259
450 488
218 276
447 171
144 441
216 208
63 233
157 117
338 344
424 356
80 125
400 419
464 28
460 90
328 462
434 68
7 224
419 243
345 246
128 477
398 43
83 491
485 103
239 189
368 217
488 294
363 180
440 345
493 15
300 160
59 359
81 305
61 268
96 442
372 319
290 112
354 111
57 55
361 380
54 125
427 180
317 153
186 299
72 115
475 393
201 23
280 461
445 114
463 37
32 471
370 268
386 244
342 239
416 6
289 485
248 379
302 436
73 35
395 13
65 428
96 441
212 41
296 480
163 353
341 302
347 389
207 264
54 271
174 273
313 218
446 53
183 111
110 1
330 200
458 456
468 175
258 115
73 437
439 69
112 84
225 230
457 495
348 128
158 13
272 162
343 274
291 420
150 340
431 110
260 460
149 350
91 29
107 325
492 489
447 320
257 158
179 264
302 82
85 185
37 453
199 455
135 484
247 458
93 440
268 248
332 193
259 390
472 492
412 211
279 435
89 223
78 125
455 207
485 271
195 23
101 217
446 406
3 204
136 162
216 326
876 1204
1320 763
1296 1320
735 371
1531 224
17 983
108 1598
1153 1468
316 530
139 829
1109 891
1467 26
1390 928
983 1585
783 90
32 261
154 108
1496 926
769 654
1597 876
495 177
21 381
789 1222
373 720
1325 43
290 1139
914 117
1241 1551
44 1246
8 881
1244 1069
865 17
326 1004
1293 1512
856 1226
1023 1496
998 745
161 141
1086 1357
1448 1254
1011 566
562 971
381 14
188 792
1568 874
601 64
937 1081
90 87
287 448
43 121
553 1612
502 517
636 1012
1044 137
1377 1568
1246 513
1251 1467
1632 306
379 713
274 533
1495 363
758 1546
1414 1545
51 646
1546 81
368 1131
39 503
1519 578
245 95
1606 951
1268 878
385 288
393 1189
1604 1616
513 445
103 1228
224 1476
1635 519
770 191
575 74
527 208
1220 1495
500 199
377 1244
413 1122
666 769
384 1576
777 1448
745 1337
1237 1377
795 889
93 1006
653 1298
617 1349
1515 361
1020 423
1569 241
1584 1415
967 502
908 1271
1616 908
1477 493
1018 930
969 637
482 116
208 775
599 231
616 969
1066 1362
206 1108
872 1345
1507 545
499 373
439 617
137 768
1157 1065
35 286
330 896
1036 450
18 1293
1476 834
607 1592
25 1036
191 1056
867 757
1271 590
423 612
1314 1175
948 52
519 1134
464 914
1214 206
1278 1360
866 1278
580 883
1478 410
1287 120
1349 671
873 1636
815 51
1342 31
704 358
1164 1478
506 73
76 12
447 923
275 396
1143 274
1308 6
371 385
1001 1143
95 165
87 320
1032 439
578 154
1345 499
768 1018
165 1622
6 1499
1319 394
64 1319
1069 1604
1537 1120
31 1378
63 1016
1228 379
412 1390
445 384
793 636
355 1020
687 316
1004 501
1622 967
808 80
1434 417
1623 742
1433 1584
80 1011
1640 1145
392 103
926 509
1362 153
530 1153
1130 1521
1016 1250
966 1631
633 506
1592 287
96 1214
1183 1507
688 527
52 1251
1159 690
889 290
1520 942
971 1346
951 782
1226 28
241 1419
945 275
533 777
1582 1296
655 562
107 1433
782 1220
878 815
1175 575
223 139
1486 801
461 1473
1093 8
1306 781
1344 83
1222 1325
466 1597
125 1241
505 380
1585 898
185 29
1499 1217
632 1301
493 466
1328 937
199 18
1357 1059
928 1308
307 1538
1562 901
1366 616
1154 795
577 332
622 1533
1612 1287
1217 1023
993 1314
1081 1548
1301 693
496 1066
1189 968
1139 704
930 666
67 145
1129 1434
332 1109
1021 1064
187 1623
637 67
434 1487
1576 793
646 1582
634 984
923 599
881 1515
1145 223
940 1000
529 1154
671 409
450 339
678 687
1518 1276
469 966
896 1129
486 1210
313 987
1318 495
1107 330
1382 1318
690 76
1600 1130
559 125
1391 1632
942 39
1227 473
1134 464
1593 655
383 377
693 866
1173 633
339 735
1321 1519
1064 1633
1012 993
1458 192
1636 487
179 684
838 326
74 482
1210 634
1590 392
792 225
1204 552
729 686
404 865
901 161
775 678
829 1562
409 498
117 299
1108 808
781 1167
552 1159
192 20
1179 1590
1131 1053
1250 35
1598 1635
286 1164
246 998
448 185
121 1593
83 1560
361 535
1551 304
225 1617
1415 327
763 109
1000 500
1422 1630
970 1477
900 63
590 699
243 393
473 872
231 496
180 245
1329 520
987 1321
487 1044
1006 867
12 388
156 837
1120 873
1122 1569
455 559
915 529
1468 1093
720 387
116 347
665 1086
347 1151
699 1391
509 1382
26 1021
860 1510
1346 1237
686 355
1631 1103
337 1192
1545 653
742 1344
757 940
320 505
177 313
944 93
1512 1268
566 574
654 1342
1037 970
1103 1531
684 289
1059 1520
1378 96
73 622
837 1606
327 486
801 1107
764 107
1192 246
1167 179
891 948
1617 1493
870 1227
20 665
122 1306
145 783
713 580
288 1037
261 25
410 764
1510 1537
289 1600
1356 1458
1034 1051
153 243
380 122
833 217
417 337
81 860
1521 833
217 89
1538 1269
1053 1486
396 156
703 180
834 607
310 181
612 44
120 1329
968 601
520 412
358 32
1493 1157
1419 469
89 1032
141 945
109 553
388 1173
874 915
387 456
1630 838
1276 688
299 1001
1151 1422
1487 1640
1337 461
304 900
1548 870
363 1179
545 1414
1254 307
501 434
535 789
1298 21
1633 1356
58 577
984 310
28 187
306 1328
1360 856
1269 1518
394 58
1560 447
517 1429
1056 1366
574 383
1473 632
659 770
1533 455
898 703
883 659
498 1034
1429 729
14 404
1051 944
1323 413
503 758
29 188
181 368
1065 1183
