4381 304 531517
455 409
396 208
73 142
314 99
253 396
253 420
265 341
129 19
459 72
249 142
492 131
32 240
373 197
364 230
63 179
59 179
483 319
70 362
30 262
292 160
324 224
182 446
212 275
261 138
230 181
105 497
186 353
9 205
157 405
372 165
247 349
47 63
96 5
230 336
407 12
370 210
433 333
335 42
199 98
317 77
212 255
335 332
133 57
371 460
67 442
11 36
473 496
308 143
443 270
91 88
403 350
195 229
447 42
46 51
450 94
222 15
186 293
189 325
204 306
431 17
28 36
210 156
74 52
449 58
157 326
494 445
348 28
407 156
479 482
455 403
209 435
191 227
298 469
454 298
119 282
487 335
330 497
296 96
230 156
413 460
16 361
223 464
475 33
29 191
253 196
265 282
82 445
89 392
222 369
83 108
206 146
202 156
46 407
282 302
7 314
86 202
79 343
233 308
221 196
313 438
237 8
94 403
416 441
80 159
216 402
289 23
281 285
84 5
339 191
334 33
188 487
320 25
161 157
177 135
422 486
246 155
454 204
211 30
273 201
499 9
227 457
112 205
247 323
116 229
348 398
159 457
146 336
58 277
189 52
94 90
184 163
115 79
73 135
130 176
259 198
112 351
180 332
26 314
14 414
220 99
240 102
369 352
27 327
81 148
483 498
460 437
33 472
394 219
100 232
337 59
188 124
62 68
60 250
390 184
57 411
386 228
361 61
164 236
416 496
303 42
40 341
77 1
120 406
119 91
96 90
433 75
77 272
168 223
464 103
164 260
401 103
303 305
280 144
141 397
177 299
196 489
1 389
115 131
241 369
177 96
191 74
26 306
88 485
431 471
425 132
141 318
49 223
7 469
341 125
389 94
231 405
464 202
113 93
237 63
384 166
198 109
98 307
146 384
363 243
17 111
243 64
120 370
444 33
471 113
59 313
219 49
159 202
477 69
484 219
156 14
353 213
83 466
411 292
262 290
354 215
228 356
199 88
347 470
2 407
297 337
290 200
142 257
380 6
39 264
241 321
199 116
227 387
269 473
143 484
297 102
139 495
215 222
128 191
51 365
368 266
240 367
123 344
451 28
401 466
173 462
335 132
359 297
291 368
233 259
34 196
69 49
452 356
265 113
396 489
125 311
110 488
17 108
495 191
145 266
28 217
466 361
148 90
418 136
295 70
362 71
218 406
245 487
420 341
231 479
317 374
34 30
434 119
356 160
350 301
369 6
438 486
87 418
299 105
266 227
117 156
374 350
45 499
429 404
412 122
31 333
256 446
365 33
4 370
164 357
116 258
98 331
402 242
403 434
205 205
83 114
74 302
275 237
63 447
411 329
273 229
333 462
11 392
107 220
474 29
44 347
453 473
92 166
213 368
398 310
335 338
126 387
169 227
328 47
260 58
350 476
167 224
154 340
412 155
439 36
325 483
479 163
41 292
103 94
399 55
462 198
474 229
353 158
162 307
18 345
344 287
484 187
322 87
320 434
23 40
342 285
215 411
305 13
233 265
427 53
245 346
60 426
323 286
114 244
145 122
403 147
496 392
199 287
235 254
42 108
64 487
309 41
360 470
303 377
200 77
152 435
278 407
243 44
186 17
315 423
441 155
19 241
105 224
381 357
258 471
6 316
115 277
249 237
94 351
329 157
428 472
444 16
24 194
479 19
218 137
374 470
29 50
166 272
7 274
268 354
312 138
146 327
425 436
143 96
58 251
352 178
185 299
284 194
118 61
419 4
127 401
313 446
311 361
329 192
215 130
453 261
102 251
146 420
473 79
347 432
267 301
371 117
188 7
355 185
162 18
150 10
13 347
22 495
450 61
250 464
44 310
402 98
323 298
93 347
233 325
3 183
68 117
325 49
161 498
299 26
119 378
224 38
145 101
365 355
183 253
145 33
46 334
165 243
80 169
480 197
422 335
150 248
252 343
319 50
213 103
408 460
254 288
131 391
63 428
199 153
387 237
364 349
76 261
124 69
238 5
460 81
172 64
156 130
326 423
255 341
325 250
370 457
403 58
354 41
13 51
408 230
423 260
83 147
264 268
68 264
63 345
356 360
431 497
163 454
150 248
347 174
324 285
385 295
415 227
76 312
489 377
291 366
84 341
424 137
5 479
379 350
15 244
466 388
39 240
126 385
80 329
382 393
252 123
93 412
177 249
269 488
197 118
461 284
351 196
63 477
268 378
435 420
324 167
197 207
425 481
94 232
28 423
160 233
442 399
458 263
236 78
132 58
362 291
72 334
238 75
108 15
473 343
376 54
292 308
146 485
247 365
315 483
94 219
382 493
252 46
43 483
338 491
290 113
497 369
167 118
210 342
386 264
39 171
67 477
126 44
390 213
381 60
102 343
488 307
129 396
141 229
416 53
438 498
430 184
499 361
94 352
107 277
294 321
314 404
322 196
473 63
245 52
463 123
194 282
221 335
419 236
264 363
464 50
14 2
257 416
419 345
290 75
213 73
218 361
357 261
267 270
65 31
55 23
481 277
89 366
43 100
347 351
250 389
397 173
401 39
442 483
312 488
226 102
373 32
316 454
126 455
383 288
422 220
260 381
497 271
195 43
342 50
367 41
318 343
444 166
82 231
18 57
420 403
149 470
325 182
29 371
318 221
43 92
213 12
481 262
92 223
199 443
260 432
136 95
135 346
417 185
332 123
76 257
155 51
199 135
187 347
343 229
193 431
366 61
216 477
416 292
343 382
460 418
463 460
112 96
405 208
34 74
486 169
142 429
377 46
193 215
432 148
455 246
17 351
148 359
252 235
484 124
406 173
58 96
25 2
384 187
260 60
238 82
253 5
46 393
205 69
249 203
211 461
55 162
269 273
249 294
304 180
290 394
437 148
246 198
476 136
463 9
368 92
126 406
111 439
120 226
169 262
407 102
319 288
237 407
376 66
369 421
322 202
221 258
264 320
113 427
254 143
95 141
333 359
304 91
238 146
87 171
136 109
59 6
193 307
88 17
185 281
135 86
316 124
154 313
367 100
348 251
10 135
153 220
335 377
337 110
334 380
296 40
256 119
403 296
200 21
486 232
487 32
260 96
157 422
229 50
226 233
478 276
87 467
104 122
150 239
16 213
372 356
452 348
352 323
481 314
17 379
265 43
301 259
477 93
346 2
122 411
296 382
271 402
18 474
68 458
56 137
84 90
116 236
29 118
47 99
472 480
27 491
339 385
453 236
313 251
275 118
212 138
278 392
285 301
423 98
449 287
456 341
74 292
111 118
281 487
483 332
86 211
146 367
262 70
59 436
186 397
122 334
48 269
238 11
239 392
331 19
98 472
194 332
288 119
406 374
99 161
96 214
348 12
209 13
217 83
32 352
120 61
97 410
429 374
294 131
320 364
68 497
363 153
158 47
362 477
277 114
454 28
489 360
161 47
79 135
107 339
59 464
256 478
426 215
469 190
342 461
186 453
215 489
188 329
46 493
420 375
333 251
495 163
96 349
212 343
432 256
352 142
383 252
37 219
73 18
16 300
170 14
100 98
346 497
405 488
190 150
311 280
417 58
7 181
468 130
5 47
50 11
286 26
198 117
352 354
213 356
301 417
157 27
311 221
71 137
204 92
230 232
375 450
394 363
278 321
291 241
110 88
316 251
186 298
408 219
402 257
151 475
196 200
183 109
215 475
284 10
300 158
308 385
424 115
53 157
104 168
46 243
90 131
131 395
331 280
247 32
112 364
295 417
325 244
378 1
374 142
461 206
13 191
152 163
345 285
324 14
372 105
376 134
163 140
284 160
83 310
468 234
314 398
489 181
347 440
389 23
356 400
401 140
192 312
436 289
203 488
477 453
271 228
97 39
195 178
278 483
166 340
47 112
215 173
237 50
68 390
478 38
399 475
351 372
457 45
294 186
82 477
209 272
3 124
483 204
362 245
62 368
330 441
5 28
18 265
17 193
262 307
229 408
26 495
299 272
459 2
118 430
320 127
331 208
454 61
292 117
465 312
239 496
382 63
461 386
88 17
102 259
427 47
138 148
480 248
152 20
272 360
123 467
403 384
203 373
348 335
38 276
312 255
231 300
56 478
55 471
9 371
154 472
270 88
260 475
100 44
197 275
281 60
439 494
302 151
16 393
397 382
277 299
477 242
16 141
481 392
99 41
354 124
498 256
227 115
466 409
132 197
398 68
322 430
348 16
40 117
142 392
402 461
13 110
243 477
220 122
272 208
183 241
82 384
35 115
441 68
399 46
56 487
123 119
115 342
482 374
179 340
447 55
301 301
335 450
310 323
155 497
249 88
15 23
72 406
300 166
232 93
37 37
492 189
334 323
392 246
227 301
50 257
284 71
94 278
155 5
298 72
401 247
415 164
74 161
89 174
201 298
443 111
402 38
69 354
451 61
124 437
439 464
119 208
31 141
464 348
212 86
455 26
346 245
411 27
316 467
499 384
145 333
332 299
319 10
116 252
328 296
141 469
481 147
140 274
379 456
144 366
323 126
23 469
243 435
252 496
364 68
324 167
30 207
321 472
439 393
76 497
266 115
454 463
345 459
449 482
175 409
249 284
431 89
324 323
193 203
450 430
138 42
383 471
102 201
452 422
436 365
347 357
386 91
357 485
49 459
490 408
16 440
104 33
138 195
453 356
201 31
294 127
340 173
82 162
85 74
398 125
373 396
1 242
83 127
112 332
47 341
207 19
63 421
51 65
104 319
213 312
176 498
156 107
268 2
430 195
151 408
325 92
157 10
89 9
364 311
401 433
36 43
319 269
353 214
451 310
296 477
466 486
394 347
498 118
485 181
335 325
74 282
386 358
16 315
32 82
411 98
250 282
358 117
76 117
209 262
64 409
91 307
367 421
134 13
26 229
84 467
446 95
249 290
5 240
31 291
230 435
249 116
116 114
433 427
367 457
416 216
276 445
449 49
214 216
319 185
245 232
74 317
271 235
436 373
171 150
97 430
393 410
270 486
14 266
99 73
52 91
482 227
140 316
296 443
291 279
305 245
133 492
281 227
124 156
226 245
316 47
342 141
469 183
196 276
225 55
479 464
207 306
11 454
69 216
230 37
146 439
37 268
209 256
27 69
92 404
280 41
216 234
219 27
190 241
482 58
336 144
379 408
421 300
253 135
71 173
450 182
6 54
353 111
22 276
465 215
278 63
289 13
322 240
228 170
246 305
141 42
77 274
1 302
325 160
257 471
369 178
385 475
185 93
296 106
155 267
181 97
362 199
471 14
368 393
188 420
29 257
361 31
233 1
397 112
237 433
363 315
275 348
370 153
481 480
475 26
119 133
354 90
364 261
93 106
376 145
397 168
2 462
488 94
425 168
243 350
221 456
470 51
437 25
124 325
34 158
363 392
450 420
167 197
274 28
397 451
205 148
498 348
40 441
30 108
96 34
97 399
445 90
340 422
265 426
278 410
76 299
236 334
89 422
49 225
317 172
389 2
227 239
461 49
7 283
149 441
51 86
140 414
370 294
440 24
384 335
393 291
129 366
84 243
29 27
91 385
414 372
183 384
172 170
38 492
40 237
374 257
472 66
347 433
103 411
25 70
312 360
265 41
495 167
8 173
181 33
365 406
123 157
376 375
413 102
107 441
295 425
356 415
208 25
448 256
435 235
249 80
325 22
272 106
408 123
237 90
300 290
313 490
77 412
173 345
4 227
364 102
495 283
194 50
30 490
276 132
95 329
477 379
222 60
201 15
438 44
331 117
151 195
275 129
478 100
446 119
450 54
75 29
328 309
170 44
270 137
192 198
338 484
279 472
277 117
387 234
343 369
148 405
363 264
204 81
34 314
167 411
77 321
203 469
122 90
170 76
255 266
340 122
463 186
87 425
488 270
107 247
476 192
229 28
233 13
210 192
250 458
210 288
309 471
66 389
239 420
460 176
176 2
336 498
444 226
276 465
467 479
369 319
185 156
21 93
411 477
75 299
403 166
209 378
41 204
190 77
32 399
441 109
46 263
122 296
333 388
306 52
35 105
77 279
134 53
400 156
474 260
133 95
298 295
354 120
15 175
481 349
260 472
410 296
225 95
64 242
107 440
178 442
394 271
329 357
109 324
249 15
38 325
205 391
348 272
37 208
310 48
137 196
73 71
82 247
120 41
436 344
489 50
131 417
476 278
148 427
61 355
336 128
227 283
467 258
93 377
83 201
147 279
221 473
341 454
396 226
451 191
45 26
479 175
234 27
371 2
486 205
389 56
188 68
377 151
374 111
392 383
262 394
464 302
159 491
155 108
194 198
267 301
162 180
238 319
61 28
99 48
277 441
344 390
417 50
148 498
189 112
209 407
77 219
290 326
354 23
417 325
145 258
284 434
58 277
166 121
294 408
272 48
427 8
392 377
59 474
322 236
17 476
168 59
352 300
150 126
156 154
128 384
11 172
377 124
37 432
178 149
495 184
322 325
368 415
256 101
9 492
211 298
118 408
148 122
471 187
105 19
123 443
90 353
99 300
223 108
301 252
437 287
270 131
329 342
31 388
278 315
455 80
172 184
110 332
245 326
174 356
209 58
98 127
68 252
220 228
391 12
362 123
167 278
402 358
404 73
261 22
291 291
239 71
216 422
402 315
31 159
78 120
463 388
183 358
289 360
104 220
71 172
86 124
167 481
379 432
291 119
252 484
389 392
311 279
303 383
474 374
36 102
95 153
67 213
188 37
309 417
253 403
16 159
266 487
317 469
57 216
189 40
21 412
353 68
345 171
443 90
116 376
360 263
211 384
133 438
362 389
280 237
142 291
138 81
360 317
193 324
303 252
346 104
259 423
6 462
137 490
326 354
192 59
76 271
450 429
441 308
352 173
260 24
68 203
297 342
54 237
425 377
80 439
498 376
232 301
234 200
319 264
265 286
339 166
72 243
379 458
238 353
350 65
443 350
111 248
59 354
430 64
406 413
371 266
266 418
476 325
399 251
362 478
115 301
43 235
38 360
423 50
475 386
383 25
152 86
232 241
494 21
52 218
224 321
161 278
470 356
378 150
229 46
162 184
173 128
153 118
351 361
255 439
50 315
63 248
456 363
186 241
174 27
414 358
321 308
170 182
499 8
467 135
15 124
74 441
440 28
56 44
347 261
71 89
182 445
153 441
400 221
455 456
149 38
322 31
155 434
188 162
120 9
247 473
384 276
163 154
25 264
222 293
2 243
283 253
397 175
205 220
48 240
405 388
65 453
180 215
425 131
240 355
70 385
462 141
271 499
404 97
250 330
431 491
266 92
431 497
383 340
220 66
433 150
370 138
181 164
108 167
341 436
330 367
31 326
38 13
57 107
198 480
276 367
196 188
129 115
14 211
313 58
189 361
236 245
445 21
375 222
161 392
272 477
486 90
105 487
484 30
330 219
75 8
351 190
212 224
233 451
20 113
220 468
263 176
373 254
258 41
137 280
238 359
401 462
209 380
267 177
298 454
202 321
325 76
345 54
317 368
296 398
394 14
298 3
338 261
375 315
371 255
154 27
396 80
305 279
326 425
223 142
336 495
207 108
270 468
436 205
42 236
251 490
426 367
367 315
79 341
141 432
438 281
363 331
319 197
357 451
62 55
183 197
388 333
479 393
479 260
50 336
190 222
416 162
290 173
133 283
386 337
443 208
188 193
455 342
52 478
208 405
222 91
450 439
270 351
256 50
83 319
406 98
3 210
262 79
243 113
122 454
459 209
311 364
46 123
463 313
145 469
367 214
68 478
407 443
433 246
345 7
310 406
477 74
379 433
240 103
424 434
54 471
167 22
434 86
480 12
31 86
245 225
48 200
257 418
97 110
155 56
312 57
484 349
383 182
208 410
92 305
413 398
410 277
323 409
461 386
379 414
55 294
203 400
464 138
130 178
349 127
375 351
242 169
263 477
374 386
479 437
486 326
169 442
431 280
37 249
80 309
150 68
161 461
338 213
140 207
254 226
331 419
129 317
282 318
2 216
134 436
213 126
491 490
34 157
268 191
190 237
136 37
97 441
357 415
409 338
328 260
292 486
7 270
80 236
165 101
275 22
240 226
161 417
315 483
111 119
310 294
277 491
155 65
310 446
170 376
14 110
74 355
325 307
382 221
45 345
266 258
100 45
46 374
390 497
206 123
78 464
340 26
25 230
27 447
37 293
255 44
333 252
229 196
223 43
310 256
138 270
22 11
460 374
289 39
246 32
434 191
448 112
46 91
494 82
144 498
84 132
200 291
82 64
169 174
344 197
249 325
298 310
156 195
270 162
408 342
437 354
56 220
444 433
312 474
97 428
142 154
250 343
196 312
71 83
100 494
280 498
180 151
300 163
75 274
305 19
96 387
440 169
464 351
169 117
168 76
186 227
36 477
37 330
260 274
439 207
356 34
401 310
15 256
390 467
73 327
71 158
80 113
157 190
277 274
475 72
13 362
387 182
136 332
86 425
444 381
14 411
235 308
269 248
179 374
242 383
177 112
348 156
98 5
321 354
27 395
146 112
497 413
253 269
337 393
80 74
80 122
465 141
396 132
79 177
296 186
40 360
111 387
123 177
316 121
223 474
215 30
243 194
63 137
8 148
351 250
494 102
180 158
244 481
153 278
297 279
228 153
414 239
321 144
440 293
458 43
495 392
5 476
419 137
22 261
180 364
299 213
172 355
285 368
89 236
358 155
343 265
348 291
318 140
324 318
125 382
454 408
362 259
350 99
171 312
332 420
60 102
52 336
88 249
174 84
419 33
458 267
477 108
151 140
87 81
346 306
299 305
457 339
6 178
160 218
135 486
21 229
217 9
81 112
359 273
98 134
398 380
446 488
123 497
349 343
418 467
209 122
65 393
300 162
92 372
354 347
70 427
407 105
477 218
327 360
190 16
400 77
366 299
24 286
467 361
51 146
412 454
474 444
488 77
411 361
174 447
237 357
320 175
443 405
138 379
474 490
273 69
433 278
8 60
73 352
102 139
161 479
309 61
210 174
294 433
134 179
292 137
151 202
341 223
202 82
430 23
457 305
157 483
92 172
27 451
133 472
373 496
336 45
369 492
160 199
391 263
495 471
106 322
380 368
203 6
194 200
52 497
386 31
28 232
210 55
56 495
314 445
419 235
403 233
52 25
120 137
327 418
327 85
120 49
318 55
106 254
369 217
397 284
367 310
366 80
297 310
328 478
354 432
347 81
66 192
236 124
406 368
237 370
4 13
498 246
224 60
359 206
151 287
141 329
352 239
372 296
44 340
443 33
387 252
419 367
466 464
205 401
489 193
414 320
393 357
420 132
477 372
15 164
247 141
145 230
406 363
3 465
402 437
438 370
441 298
273 220
333 72
252 258
429 210
10 472
390 473
207 445
285 211
286 81
260 484
250 353
82 388
149 263
224 256
367 495
282 282
262 456
415 399
448 467
7 44
73 94
198 232
442 235
51 263
36 120
78 32
175 10
485 216
71 159
70 208
356 302
12 355
420 66
163 155
247 475
210 24
58 422
497 498
384 321
95 207
417 96
250 253
148 497
91 56
498 361
209 340
237 223
123 426
92 491
243 192
230 127
385 454
217 358
468 365
36 402
368 16
159 488
443 471
279 156
427 116
408 197
400 241
401 297
259 11
314 343
333 17
394 458
265 129
19 406
20 390
485 308
189 365
429 255
316 226
23 65
48 69
151 379
250 420
296 59
332 479
114 243
184 417
453 181
462 417
90 68
190 199
430 385
18 450
61 233
258 39
124 126
154 431
216 148
224 429
181 284
474 3
413 224
86 230
238 428
27 345
142 114
22 106
166 458
269 26
372 156
82 160
153 47
252 22
304 103
104 110
286 353
183 450
498 31
48 201
58 105
295 79
387 347
475 475
22 390
266 5
41 340
46 209
237 264
158 49
218 309
239 66
214 297
6 68
308 109
298 350
430 333
48 263
253 7
484 350
214 46
4 189
487 7
300 206
424 282
453 159
143 241
109 65
292 403
364 429
499 474
368 82
336 301
339 78
170 432
314 46
196 5
191 330
429 284
12 227
277 458
101 62
356 292
143 455
216 77
234 442
251 452
286 16
125 100
10 82
77 87
165 81
350 264
208 338
464 223
166 121
193 280
212 424
423 354
352 6
255 468
43 295
380 375
135 420
93 315
464 368
46 386
293 428
386 292
224 26
318 471
58 251
218 413
481 72
365 132
326 25
497 292
78 250
430 410
383 371
19 331
18 70
154 318
440 108
68 295
204 77
169 49
117 429
352 397
173 111
176 139
499 256
46 198
143 395
225 431
197 428
206 405
209 463
182 306
381 464
96 466
469 338
293 236
61 125
463 4
100 278
498 298
255 37
199 424
207 229
171 446
353 49
443 487
197 434
48 442
247 250
51 122
261 328
205 455
332 268
392 157
462 419
382 348
338 249
225 363
126 310
204 247
410 460
124 214
2 355
44 216
140 242
15 341
138 214
50 177
62 385
205 412
213 317
104 367
203 154
411 471
98 110
303 154
224 287
307 411
448 240
455 282
291 79
171 279
259 417
67 475
47 35
234 400
21 263
164 344
165 471
455 446
80 193
96 238
89 452
110 154
384 165
27 73
31 477
17 285
152 193
250 464
61 13
258 315
422 227
403 352
57 436
87 441
413 331
183 68
168 232
353 431
3 80
247 213
330 393
214 118
62 132
196 78
412 201
233 303
494 200
407 149
36 91
135 355
370 324
109 168
286 130
154 104
289 385
93 196
375 374
5 499
488 459
248 274
112 352
460 171
48 165
202 432
452 485
269 312
372 259
428 323
166 330
377 145
392 111
231 152
371 411
276 363
360 391
267 349
379 148
189 255
154 9
152 401
466 255
399 450
259 479
46 404
453 430
109 161
97 424
450 469
488 374
326 468
343 29
293 293
197 354
425 464
88 492
210 320
284 290
404 218
382 45
283 362
410 422
134 24
488 343
267 180
256 401
340 390
294 73
89 492
451 72
11 433
263 418
466 347
177 331
393 109
476 329
44 62
436 399
198 255
180 41
388 10
402 100
90 448
170 402
234 297
227 60
102 388
366 169
244 202
425 85
52 471
400 97
486 237
490 436
479 11
458 423
225 147
445 37
164 292
186 447
318 286
358 133
97 292
214 361
476 169
475 111
73 288
109 86
125 280
125 247
432 304
366 240
386 154
153 434
299 478
248 401
72 98
278 314
412 108
461 475
275 320
173 420
140 309
465 458
361 387
428 311
128 170
156 107
33 138
205 312
458 372
114 138
350 397
205 93
391 104
62 132
114 419
271 212
8 187
335 176
42 295
479 98
41 321
233 415
350 235
226 469
135 498
221 127
338 227
128 190
410 383
6 422
272 459
111 440
478 333
157 248
291 414
115 289
414 496
212 460
400 368
87 118
179 105
299 227
457 184
92 296
452 203
310 435
441 180
374 156
77 358
347 344
262 247
376 87
136 142
414 464
352 341
368 215
20 207
27 33
143 481
1 224
128 181
224 161
67 295
69 91
218 292
12 208
391 135
232 2
105 312
218 483
320 334
320 283
331 285
485 48
306 382
429 469
298 251
12 178
403 148
378 129
124 364
351 294
125 388
89 4
206 398
49 398
146 297
402 192
457 87
282 339
218 319
27 47
71 176
10 102
69 330
404 311
349 449
356 146
417 345
122 387
169 146
70 360
442 353
448 413
386 222
268 450
133 321
258 232
46 316
295 48
182 66
423 227
439 335
193 401
208 167
183 366
200 316
286 57
142 417
87 390
427 354
20 109
27 279
79 59
25 185
103 147
394 62
183 145
467 115
141 121
130 475
407 347
53 281
236 345
422 432
231 389
400 247
283 208
125 135
178 364
44 383
281 12
339 60
499 399
79 94
471 357
274 478
31 259
97 235
476 153
185 302
206 124
127 476
307 242
357 456
240 266
472 202
37 375
270 433
268 54
138 116
231 487
118 166
84 65
59 494
295 280
67 368
273 34
244 430
46 170
196 289
135 336
279 116
274 450
221 129
41 363
304 380
405 65
124 205
368 268
304 125
162 401
349 243
273 307
225 313
484 253
145 43
234 416
457 320
213 493
213 69
362 103
141 86
144 211
312 16
371 88
338 263
60 417
438 43
382 156
66 45
331 153
223 83
150 263
292 179
378 263
3 12
395 8
248 251
314 290
164 279
313 145
15 497
290 288
464 218
228 89
134 369
162 407
400 175
167 247
435 196
363 395
418 2
159 413
271 109
490 375
497 346
482 39
202 184
423 322
446 67
278 471
12 199
29 294
172 332
418 175
187 493
50 90
26 95
480 131
282 315
393 256
318 159
201 134
246 266
383 417
357 468
491 179
461 132
280 37
7 484
222 379
185 112
223 485
148 263
468 329
270 340
359 52
331 415
234 28
159 308
12 188
243 230
452 120
422 210
176 475
357 87
496 8
166 488
3 24
427 358
95 309
376 128
487 198
86 174
171 428
158 64
193 63
320 165
355 389
382 315
37 102
48 363
278 195
395 339
133 117
314 209
459 362
306 274
455 62
357 77
378 1
112 414
245 446
36 7
175 243
492 474
100 415
452 63
359 115
31 86
482 425
344 352
48 433
476 393
217 360
207 133
484 187
36 105
392 382
298 93
289 180
317 280
69 206
440 231
183 16
482 17
140 498
206 104
15 131
231 232
316 418
218 465
479 193
306 1
411 368
214 255
257 168
3 232
205 109
34 32
170 328
66 167
177 66
349 467
382 443
9 147
49 477
40 156
124 160
452 332
249 411
305 40
476 28
143 395
324 199
60 271
362 115
47 277
435 100
3 252
60 63
133 470
343 458
9 414
287 355
234 135
331 447
356 476
96 298
469 249
306 90
335 275
283 73
32 485
475 469
420 276
31 352
247 479
246 479
416 90
461 198
338 97
143 352
406 445
486 460
278 216
262 360
485 105
188 183
222 49
323 9
352 274
192 319
195 93
404 300
158 381
208 49
311 31
442 374
226 34
286 72
98 349
127 434
60 76
265 470
319 155
447 331
267 219
340 279
198 393
352 11
151 135
318 245
328 75
478 176
428 430
425 359
48 326
50 131
270 286
417 32
242 464
396 187
434 107
185 12
227 448
450 180
44 427
167 122
499 455
216 318
15 223
250 169
250 259
325 195
31 65
150 493
120 116
482 355
173 107
342 189
436 307
92 37
368 357
83 355
148 189
343 40
83 256
314 160
6 173
11 414
165 237
74 129
111 231
38 37
490 304
43 73
392 220
244 375
348 56
374 446
155 351
412 277
252 57
322 6
483 308
494 369
79 405
433 89
255 147
242 103
326 436
216 75
275 383
482 134
238 323
226 390
113 158
432 247
96 72
275 96
108 310
327 444
481 332
393 333
12 473
253 219
173 172
327 65
155 15
266 225
109 286
283 56
149 479
332 339
292 370
40 57
174 216
144 70
466 394
172 449
143 333
128 273
477 179
161 334
352 147
423 88
280 151
298 377
438 397
52 188
13 107
159 36
50 374
315 157
239 28
116 412
425 320
180 235
88 124
331 499
243 406
190 400
111 62
104 432
322 223
297 467
20 11
36 450
362 228
281 178
189 14
429 225
401 302
92 431
68 252
80 142
63 381
270 113
252 328
497 366
361 319
203 400
307 198
430 347
481 54
263 216
59 53
449 441
359 255
89 412
391 201
298 134
205 153
312 63
413 227
230 138
135 251
344 193
50 218
354 242
475 66
141 414
147 71
19 71
347 2
102 153
77 33
78 68
83 423
308 299
416 60
75 351
27 422
222 206
342 265
441 102
196 460
402 225
145 80
378 430
111 165
405 266
377 105
431 41
414 479
33 309
17 338
306 251
113 141
192 495
447 107
80 200
263 279
320 427
395 175
158 252
487 11
135 91
60 271
493 232
280 231
368 112
27 195
443 238
152 164
234 176
303 73
268 108
396 277
16 493
97 333
355 338
307 50
104 272
339 417
265 343
249 100
383 458
340 493
63 23
139 27
187 22
250 312
347 110
34 238
407 282
381 438
254 489
436 430
453 421
290 18
236 255
137 347
12 100
188 102
278 111
449 36
147 157
259 322
182 361
30 420
487 347
165 214
207 232
65 228
328 284
220 91
316 113
137 95
495 440
427 7
94 367
118 30
265 29
488 405
212 30
145 273
379 280
105 56
367 383
146 155
32 325
265 390
288 287
3 171
257 44
413 9
488 472
225 16
389 227
165 494
100 18
206 357
316 168
386 299
455 143
282 124
335 71
239 271
147 455
143 70
225 173
222 303
64 307
360 454
434 108
452 494
300 415
405 455
156 448
362 489
210 101
122 416
310 220
225 274
98 215
477 305
45 110
219 285
69 292
104 78
69 3
111 466
17 220
270 95
130 410
289 452
340 443
138 347
243 424
49 332
232 398
200 427
337 310
452 294
458 456
370 157
108 451
119 98
286 88
167 143
246 359
47 422
42 51
234 369
415 366
204 399
493 47
393 183
178 283
74 82
11 277
152 412
157 300
177 441
467 342
261 324
231 29
411 83
288 206
299 329
213 140
136 400
436 317
192 375
45 43
106 476
119 473
25 70
145 91
283 31
209 137
238 459
255 358
490 127
199 81
250 498
95 472
396 435
122 375
446 56
15 340
85 199
108 454
395 260
225 298
73 263
123 201
460 446
406 391
219 373
265 98
422 201
233 111
346 325
365 443
209 157
170 380
438 340
398 246
451 430
384 332
353 231
222 119
134 212
223 53
272 118
62 35
365 241
74 156
410 480
235 167
486 358
84 128
60 484
377 3
413 388
79 426
365 253
162 391
416 32
464 191
372 292
234 374
271 105
219 92
498 199
405 337
459 109
46 246
297 231
439 288
163 28
367 128
481 172
310 460
385 391
98 283
60 169
36 84
395 139
141 71
467 414
366 426
119 341
125 138
295 150
380 298
153 414
227 374
161 494
396 313
472 488
291 225
183 494
157 368
219 388
495 181
53 80
468 113
216 311
486 200
228 116
121 207
49 23
445 55
376 41
399 33
138 105
197 444
262 76
178 309
38 445
280 440
362 199
412 15
497 370
495 9
315 21
468 213
478 138
131 432
314 283
172 451
196 1
106 496
68 244
292 319
427 472
156 156
433 136
264 106
382 83
376 495
196 182
110 135
291 59
163 37
98 418
280 348
108 95
440 231
72 229
428 401
321 190
123 159
322 383
180 350
274 240
407 49
255 381
173 354
55 109
444 429
470 229
282 259
455 380
44 40
64 192
469 109
473 354
440 314
262 126
423 101
484 390
165 327
199 224
475 214
147 135
359 481
55 424
423 480
435 73
34 374
244 29
65 212
149 23
406 228
145 351
101 332
468 335
33 12
388 401
168 422
468 307
8 479
367 137
338 303
288 36
191 301
3 102
118 323
322 261
383 440
170 248
133 319
69 467
338 189
342 81
111 233
363 401
144 306
354 208
283 197
268 188
25 162
123 12
140 247
330 209
228 207
287 362
345 281
308 370
291 407
20 151
8 458
353 244
484 218
160 185
499 366
54 409
245 263
194 74
484 411
369 320
186 394
203 379
63 455
305 370
441 417
189 23
148 53
317 306
435 260
2 179
147 35
66 299
473 462
37 66
209 490
416 287
234 181
122 473
145 330
212 159
216 430
210 119
191 114
119 210
413 466
120 209
474 457
60 399
76 269
180 455
162 437
5 332
327 282
421 131
96 281
418 428
279 430
368 231
277 24
489 119
448 401
223 284
337 345
373 77
170 151
421 93
37 77
37 422
143 28
274 271
167 450
7 407
169 1
247 225
424 47
123 310
103 130
260 440
389 461
469 306
111 101
396 376
265 90
494 348
389 139
53 231
108 93
224 408
345 220
65 196
46 171
170 329
352 34
235 216
396 420
351 285
440 492
179 111
308 137
376 199
362 311
5 139
375 7
369 260
153 124
176 2
120 251
91 334
337 243
480 112
334 356
148 126
66 56
82 27
136 433
149 95
266 195
167 441
49 215
147 335
157 240
300 302
173 351
291 311
318 304
104 168
467 472
194 321
319 223
352 485
273 314
200 159
386 376
372 384
114 140
273 157
153 367
475 199
158 367
273 198
44 416
172 451
295 361
151 270
109 403
226 238
164 349
395 344
113 55
145 317
306 416
436 43
1 23
337 461
111 119
331 36
246 353
482 291
192 284
157 304
496 462
37 288
361 477
234 301
319 200
396 405
489 350
218 353
362 425
69 59
237 72
265 134
67 325
237 58
34 348
201 487
131 53
100 258
215 384
119 246
211 358
321 238
261 322
214 208
434 131
33 245
297 211
465 388
278 387
405 417
203 316
286 498
273 339
101 465
52 31
388 421
354 364
267 400
359 290
410 349
429 17
99 14
68 420
474 167
56 196
144 104
421 307
11 296
106 257
292 418
156 108
136 225
322 265
425 398
309 326
151 305
251 157
482 433
24 380
167 381
239 182
105 440
303 495
290 55
156 72
147 300
171 120
86 460
357 111
371 232
310 177
463 179
330 250
41 383
189 38
411 447
187 345
345 405
37 281
277 358
37 367
8 489
151 69
176 199
13 483
495 254
499 168
180 49
315 129
488 10
157 88
349 8
494 259
262 126
245 25
418 121
262 275
92 415
43 376
372 97
167 17
111 295
376 7
166 473
121 307
317 37
45 377
17 8
353 162
315 124
153 78
181 41
262 377
52 338
430 182
259 80
361 466
242 2
66 461
372 404
160 32
343 59
370 84
409 82
495 300
45 85
144 129
321 48
416 3
223 364
348 295
140 262
121 238
152 436
5 215
347 121
405 89
44 207
74 75
222 102
367 347
245 175
169 144
224 95
414 114
39 107
311 61
398 450
165 307
174 129
386 368
396 499
149 213
399 56
147 415
403 441
447 34
455 433
482 128
323 221
246 471
214 4
334 76
392 138
92 288
159 301
245 323
33 165
296 397
478 88
113 33
433 267
477 119
386 283
176 295
5 305
14 339
405 366
472 39
232 322
496 272
405 322
96 59
449 114
473 400
207 47
332 404
400 229
72 230
4 298
484 108
233 68
314 449
303 16
190 231
110 42
388 312
434 270
401 143
138 253
250 227
352 339
61 25
357 29
392 395
64 470
452 235
64 209
118 131
81 141
476 364
285 396
266 468
231 311
295 141
225 240
153 38
487 331
388 306
11 333
67 180
237 431
344 122
374 119
246 473
440 256
332 259
103 44
191 439
475 54
344 465
17 263
344 179
61 38
34 79
488 433
213 335
172 341
200 264
239 39
48 88
89 74
279 29
479 43
12 4
440 226
209 119
68 373
17 100
172 359
362 385
368 14
385 285
173 334
23 124
188 33
23 468
77 336
402 166
455 471
371 284
466 438
183 130
367 293
155 464
158 248
213 200
388 117
331 160
193 422
19 100
177 57
256 102
366 183
489 419
37 375
43 56
23 324
28 364
172 30
264 343
432 54
425 150
472 333
75 351
399 298
361 209
25 411
60 132
288 408
411 318
211 401
323 62
321 256
416 148
60 352
328 71
360 14
195 164
342 13
41 308
245 165
383 53
258 407
139 471
404 422
471 196
44 40
388 43
265 132
120 59
109 67
169 407
324 271
431 74
119 153
314 241
256 466
283 8
254 37
431 71
401 438
494 448
460 210
228 435
427 344
44 339
397 344
115 147
275 300
429 302
494 221
262 193
344 32
133 468
268 76
492 95
359 344
423 421
419 42
428 311
333 139
324 326
73 403
88 280
216 413
288 66
431 63
289 373
486 178
66 445
223 396
406 439
207 105
205 390
87 96
10 296
353 255
412 314
80 476
36 317
460 456
145 415
412 442
57 150
334 96
104 167
175 87
464 337
65 202
279 124
232 168
120 118
16 190
497 56
177 166
276 82
308 398
197 271
37 134
213 468
434 186
65 98
123 24
166 424
370 172
20 367
145 397
28 178
206 230
375 366
343 166
193 10
253 427
469 357
197 250
141 297
48 257
26 386
78 275
357 129
87 377
72 364
113 31
24 365
34 180
499 74
282 295
94 193
442 259
28 253
124 131
441 162
456 113
477 168
448 123
407 498
123 106
355 216
137 136
163 111
219 407
197 76
204 241
34 116
273 342
309 259
226 144
79 35
448 313
460 10
80 335
60 40
99 157
34 210
432 258
197 418
101 346
104 248
353 412
83 185
309 11
286 160
457 364
140 28
247 478
134 39
430 220
381 58
262 90
86 3
66 326
179 389
102 398
449 49
153 11
412 233
22 70
398 312
48 313
148 328
305 247
359 162
229 11
27 216
385 301
142 100
113 112
183 171
348 159
366 213
151 265
205 60
61 239
458 144
25 59
173 11
12 20
188 484
31 136
240 273
125 107
146 240
22 404
414 470
344 417
395 275
327 341
414 77
194 65
180 155
334 470
144 358
170 316
100 314
15 59
75 83
469 71
54 30
442 65
365 149
346 283
436 484
495 99
185 438
188 258
108 425
26 369
111 19
199 466
126 315
162 255
464 292
126 418
173 241
69 112
96 273
176 471
200 58
460 372
142 461
489 168
58 277
198 202
57 227
336 450
286 2
42 55
11 42
311 429
99 440
98 326
225 64
101 411
431 283
241 387
191 308
470 298
40 483
394 211
233 20
49 277
5 376
387 56
335 251
147 447
316 344
499 70
106 137
11 64
148 48
259 3
271 341
106 417
426 80
293 127
201 483
153 71
82 112
11 41
437 308
490 377
114 106
156 104
164 252
381 196
85 315
243 103
262 161
280 292
249 198
335 13
270 402
148 439
32 293
190 206
21 372
385 418
436 156
126 5
204 109
108 199
57 283
131 198
136 438
163 376
314 248
257 349
358 153
265 431
58 296
132 26
491 196
206 380
117 497
230 17
219 397
173 132
477 453
379 181
395 349
70 445
33 482
132 291
480 49
445 140
320 257
291 82
370 245
373 148
15 483
104 312
124 101
111 243
384 431
400 203
119 341
119 311
299 341
381 124
193 127
234 218
24 347
358 161
375 10
373 314
58 390
135 293
98 420
179 134
47 152
383 404
165 246
344 40
335 194
4 470
415 193
33 144
193 471
170 222
368 170
119 445
254 408
420 314
225 14
353 403
119 258
28 390
384 226
93 173
463 149
58 260
454 420
137 93
103 437
229 211
89 331
11 50
18 256
220 196
222 221
87 278
485 134
225 65
246 269
216 477
36 27
486 349
37 191
482 287
213 174
437 365
228 2
84 476
116 84
285 70
254 468
353 348
484 388
175 75
361 255
300 402
329 150
109 400
295 441
338 187
78 319
100 159
205 208
18 260
165 375
306 214
352 64
97 224
255 325
329 340
482 150
169 149
7 329
88 119
383 301
150 41
108 32
460 256
445 421
358 5
176 450
308 267
131 43
311 383
497 150
280 450
6 129
192 411
319 292
374 284
200 407
158 450
466 271
63 50
133 166
71 212
126 189
311 327
168 189
163 46
140 249
395 275
488 11
206 250
86 384
310 473
229 317
465 164
452 435
208 216
443 444
403 295
293 340
112 231
267 485
157 13
373 120
63 125
383 78
263 432
404 133
142 232
372 399
12 93
468 243
330 426
498 59
244 18
104 160
332 239
261 212
234 74
309 46
101 434
83 381
52 333
410 306
78 390
51 283
239 346
456 345
84 426
315 128
219 330
50 249
90 407
358 216
243 213
155 22
14 428
242 100
34 198
410 64
179 430
419 354
347 359
293 199
422 121
349 492
476 370
261 353
157 178
319 373
23 443
449 51
253 144
392 329
334 70
42 74
145 19
162 25
390 404
260 458
109 447
101 356
397 215
231 76
173 299
459 117
286 182
245 383
228 215
2298 1832
4353 1176
4090 3684
3257 2754
3813 657
1613 3693
3054 1013
2269 4293
3614 4001
1478 1784
1784 1603
1872 954
2239 3825
4306 3097
38 2731
3987 1443
2346 3036
1954 1581
1012 1026
827 3622
3303 392
1381 453
1383 202
734 602
2835 3291
1994 2764
1221 2677
2429 683
2055 3765
3027 631
3423 756
596 2227
453 3943
1722 585
683 437
2485 2052
1505 1865
2704 3554
3554 2524
3002 681
2611 3778
2755 3706
2565 1575
947 2908
1428 2755
3713 2269
4211 1207
121 2602
2300 1649
1041 3086
476 3244
1682 249
2771 1994
2225 3169
2787 3167
403 3303
681 1860
3190 1036
2370 3631
748 2007
437 3919
869 2697
1503 2565
2158 1108
3631 4349
703 3991
4308 4026
3143 2911
1344 3936
4140 2787
1852 2801
3725 2388
2931 748
3038 4307
4205 1188
1256 470
1982 1038
3919 1505
2673 541
2201 827
944 4367
3773 2346
1691 4372
1385 2429
3716 1385
1547 3385
2776 1639
3081 3027
1573 407
4293 2201
137 2780
4073 1256
3838 1201
4349 3592
796 2283
832 254
1116 3324
4244 1349
3132 1041
1855 4306
130 703
575 1255
668 3081
636 608
3706 2225
1443 839
585 2985
2007 1950
1653 3173
4127 2499
1377 4351
2466 173
1067 1221
2731 1933
839 1381
1860 3716
254 1834
3778 1067
116 1954
4367 2414
2702 2637
1721 965
594 2786
4291 3123
1815 1547
2260 1478
1832 4021
602 3759
1649 860
4001 1635
3677 2678
959 2439
128 1012
768 2704
3759 1677
3943 4127
2499 2721
607 1634
631 1855
2721 1666
1497 2611
3169 1527
2968 3518
541 692
173 923
2677 3268
202 3699
2747 3380
2896 1523
1055 2866
3173 2806
2035 3614
1603 4244
2757 638
692 151
1553 2543
2288 3549
1255 2158
1103 39
747 4205
1950 947
3874 4232
2678 607
3699 4211
3936 3725
1038 2771
1292 4179
1013 2776
3892 4090
756 3838
1188 1415
1415 2247
3985 1383
2049 257
2559 3490
3097 2456
1581 4163
3086 1948
391 3257
2200 2459
1800 1927
39 768
3592 1384
2169 2035
1113 128
3765 1503
1297 944
1927 3100
2801 2881
3615 1377
3079 1722
3268 43
1523 3054
2524 1852
1108 3874
2911 2200
3684 2181
3123 4140
3036 3038
4351 4301
46 835
3291 3079
2227 2466
3490 3892
656 3002
608 2485
3244 2260
2247 1691
1677 2169
2456 3423
4190 1055
2985 4128
2092 1021
407 869
2181 747
3380 3529
257 2968
1933 3970
638 2298
2764 2793
3991 3552
392 3985
3385 3093
1951 2896
3324 2092
923 1800
283 3190
2439 283
3806 476
2543 1344
1207 1116
3752 796
4163 1553
1176 121
1384 3773
1575 4073
1639 539
954 3131
2459 2673
2637 2747
965 3806
2564 594
1634 391
859 1292
2388 1682
2414 38
3622 1982
1635 3132
2881 4353
3925 2835
2014 575
2908 859
1201 1872
2806 226
1026 3925
3970 3143
657 4190
3338 1721
860 3813
3100 2239
151 2014
539 1497
2283 1815
2974 4308
4026 403
2793 137
2754 2559
2267 2931
2780 3677
3167 2300
4307 1043
1021 1103
4021 636
1948 3713
1527 2055
4128 2370
4232 2049
3093 1428
470 1573
1043 656
835 2267
226 668
1666 46
4301 959
1036 116
4179 1613
2052 3615
3693 1653
2786 832
3131 1297
2602 596
249 2702
3825 734
3552 2974
3529 3338
3518 1113
1834 2288
1349 130
3549 1951
1865 3270
2866 2564
4372 3752
43 2757
2697 3987
