3379 190 205584
475 293
245 432
196 323
246 271
209 475
422 496
361 89
273 181
116 384
411 488
275 261
421 354
448 444
178 2
130 226
198 214
52 119
263 152
5 263
52 228
125 3
465 470
21 329
485 22
438 71
28 218
458 385
344 132
332 25
413 265
332 399
12 427
2 147
314 217
318 396
475 327
91 244
371 147
217 405
98 141
338 296
234 199
285 130
151 51
348 8
255 286
110 365
179 464
265 428
407 182
15 127
302 241
478 55
369 328
453 96
411 277
232 247
256 311
166 232
343 431
256 66
26 116
479 367
237 13
157 251
436 26
291 13
452 420
263 154
102 463
258 228
105 203
84 442
484 465
128 488
391 17
168 225
168 126
322 52
287 36
408 123
4 121
247 97
351 282
43 493
391 374
134 294
165 221
462 68
146 17
363 203
435 450
268 178
164 372
309 342
464 265
197 460
454 484
300 431
312 64
68 71
319 178
418 200
160 325
20 470
423 145
113 355
189 135
194 415
404 32
376 416
328 61
42 481
177 119
5 265
259 428
358 284
396 181
184 39
90 252
70 427
307 491
309 225
98 191
218 192
468 9
260 18
109 130
240 187
362 373
106 360
354 51
297 50
33 112
65 101
4 78
235 204
229 432
466 130
88 201
237 447
207 363
422 176
184 461
483 149
450 305
341 484
105 48
128 204
367 256
310 153
118 64
141 89
41 249
434 391
375 106
116 128
145 261
339 152
40 465
62 299
23 158
167 102
83 140
219 437
498 68
375 380
327 104
73 131
417 219
49 338
301 294
104 214
400 115
300 185
388 453
30 235
391 89
156 395
8 386
349 79
315 371
499 484
490 278
38 455
355 496
143 479
73 473
245 312
27 431
81 258
247 139
454 366
319 443
67 83
421 26
183 47
405 67
400 324
47 203
251 80
333 267
100 273
407 181
44 451
436 401
281 24
440 466
208 199
395 55
472 395
295 470
491 359
174 210
392 497
195 332
64 142
197 335
368 412
339 285
170 166
369 404
146 43
126 15
367 453
300 339
39 294
235 409
284 94
16 417
213 344
340 49
233 248
182 366
185 75
226 197
458 428
236 363
17 203
307 166
447 240
263 159
465 148
383 42
470 46
24 387
167 232
250 233
415 294
343 447
450 452
168 292
341 214
375 18
252 50
413 474
354 390
64 364
84 284
184 91
287 348
448 388
219 221
473 477
480 487
181 212
345 340
184 91
56 455
188 50
168 290
452 106
46 310
437 208
97 143
285 44
400 329
213 420
78 29
234 409
38 479
68 15
50 226
359 144
104 239
441 328
436 89
445 339
248 352
90 224
361 49
274 324
350 416
128 153
422 258
64 88
163 458
286 202
331 291
237 402
476 181
90 443
431 424
166 398
404 363
89 289
320 91
97 325
375 184
14 464
432 427
280 299
340 77
354 375
88 362
125 342
382 164
184 129
447 348
280 137
184 155
412 365
184 483
43 239
366 10
85 23
345 445
157 326
367 490
455 499
441 271
48 478
352 171
121 33
248 45
377 315
475 64
20 359
375 96
192 67
404 173
497 6
199 349
453 370
240 197
327 285
458 169
408 307
307 195
161 308
232 234
16 459
450 190
252 14
108 43
259 297
395 62
214 196
276 390
21 35
180 159
45 202
316 482
223 332
12 479
411 264
333 248
349 394
151 56
41 428
368 82
41 459
466 371
326 86
490 85
66 411
259 173
319 36
400 235
199 491
113 275
78 229
84 392
86 41
39 172
68 426
59 301
126 457
6 212
20 220
471 496
451 163
138 450
141 291
222 190
258 203
70 317
408 162
88 144
445 222
98 207
443 230
253 452
168 169
242 136
285 379
438 347
330 176
377 102
405 319
295 322
21 23
402 164
417 38
219 122
190 379
240 143
182 406
458 259
209 166
4 158
215 62
208 352
267 68
264 456
107 437
197 423
139 106
152 142
259 83
36 49
344 465
271 260
221 447
473 85
342 222
459 215
171 273
314 339
210 173
19 230
70 470
326 467
157 473
68 56
70 400
38 430
294 151
272 125
350 194
470 304
245 132
27 428
361 7
128 473
215 298
212 69
392 296
387 153
471 295
214 320
114 249
399 287
249 25
352 42
413 131
190 19
406 457
177 97
310 45
166 398
51 483
390 80
86 205
269 241
490 268
145 375
62 206
188 481
451 193
381 454
469 323
283 190
424 336
181 345
87 99
486 75
51 88
332 280
302 7
458 318
388 138
136 122
415 61
405 422
44 309
141 482
474 116
454 84
33 152
359 436
328 405
364 411
426 283
118 74
433 301
335 66
77 446
306 193
78 483
496 356
104 452
356 323
398 166
244 202
177 309
15 306
393 281
272 88
239 280
36 30
215 262
284 410
55 290
35 124
102 431
319 120
326 489
350 273
11 122
322 271
457 339
264 451
372 425
54 163
498 383
79 147
473 483
43 167
390 490
228 173
33 213
201 391
130 244
262 253
430 461
355 127
429 165
363 281
376 470
357 69
405 184
482 441
244 332
86 228
274 339
105 497
106 449
378 329
294 214
428 166
49 434
479 281
482 410
123 497
306 308
101 348
421 123
437 493
327 214
296 335
479 183
405 2
182 455
371 95
456 283
219 348
38 457
416 261
411 497
456 158
284 337
30 320
31 68
392 129
99 320
495 489
87 444
347 471
93 398
477 95
462 338
110 189
423 173
73 416
23 117
9 364
27 314
474 269
177 194
53 420
474 130
135 311
315 389
254 323
206 334
338 16
157 388
388 9
284 461
152 462
404 48
446 420
275 68
195 187
18 192
336 351
188 163
343 248
396 236
68 386
13 18
285 129
284 146
148 115
159 99
252 270
10 107
167 496
260 26
437 310
250 24
270 244
256 272
70 114
91 79
312 450
355 111
394 269
439 109
392 32
18 258
54 361
350 175
134 42
178 117
454 299
457 36
147 424
157 40
296 179
390 139
313 318
233 292
339 489
174 364
307 217
369 190
485 491
317 451
25 262
44 92
142 304
136 19
156 331
377 424
125 125
193 425
451 251
448 164
405 402
254 139
120 66
181 305
276 147
499 104
478 93
242 333
186 255
210 434
162 22
206 107
439 10
456 427
483 481
207 285
140 295
390 95
481 280
290 214
438 33
333 167
384 39
78 173
315 143
72 365
362 56
222 207
152 126
95 328
189 334
169 375
333 158
249 476
457 286
173 122
294 470
139 342
50 3
348 184
368 108
405 117
103 407
199 419
415 497
57 64
306 334
13 186
127 88
118 33
472 338
56 374
355 499
441 465
251 393
160 436
381 488
398 57
475 248
264 375
265 97
181 446
162 103
322 212
222 177
446 182
136 42
166 287
96 427
397 344
90 29
257 148
248 456
456 369
122 499
492 328
177 333
89 397
148 471
170 450
3 344
409 352
402 290
262 492
147 471
3 486
495 304
433 27
298 227
83 469
194 200
208 418
463 115
397 69
466 193
484 423
19 401
458 192
339 64
203 195
463 421
61 409
152 290
421 423
37 432
108 367
469 499
176 413
189 469
22 436
408 238
99 339
124 68
278 64
61 349
43 242
299 365
354 318
317 397
247 463
181 220
380 127
438 430
399 68
302 343
397 228
128 210
100 106
335 198
285 318
177 135
111 141
199 308
11 335
443 464
178 396
412 31
101 438
151 135
194 253
287 180
489 331
33 412
204 496
342 401
159 298
131 214
385 184
361 341
80 245
151 184
266 252
152 147
65 304
162 450
454 150
156 305
78 465
420 484
240 48
41 493
489 142
109 14
452 375
107 141
189 5
249 143
309 479
248 337
74 177
408 212
307 394
461 432
461 378
394 163
310 252
11 139
248 162
463 439
303 81
351 313
119 252
5 98
97 49
300 376
108 292
497 395
1 250
327 268
213 398
274 209
21 31
43 101
486 107
41 328
438 216
279 25
188 413
161 111
160 33
249 90
439 476
22 249
264 169
125 317
169 399
44 371
479 332
460 417
348 198
282 383
113 413
42 16
406 324
33 346
412 447
172 80
147 435
180 403
106 115
176 286
372 329
12 119
221 300
409 148
165 97
368 446
151 455
77 34
291 212
202 459
455 426
121 215
396 94
442 332
188 323
258 243
249 498
15 437
18 493
165 156
408 1
478 100
134 324
300 435
77 334
219 471
320 331
140 268
140 59
328 291
411 165
1 300
194 385
16 167
411 432
480 195
188 218
190 137
14 396
76 223
233 27
124 345
114 253
123 10
185 198
460 234
340 89
165 487
147 134
310 395
292 245
246 413
258 477
372 353
404 489
354 59
104 349
254 288
262 482
265 214
357 124
30 256
72 101
172 221
426 214
411 234
89 402
134 312
434 306
102 1
10 67
166 93
66 318
435 70
476 140
304 457
151 165
208 327
235 101
370 48
160 40
365 490
370 384
347 180
172 229
338 184
41 463
73 494
97 244
277 487
479 476
136 20
147 207
309 105
60 499
204 162
104 319
291 123
39 70
408 337
235 98
182 413
191 404
153 194
199 462
87 405
50 21
140 23
97 84
268 162
474 485
55 372
223 375
120 182
256 428
97 305
350 265
395 462
113 14
256 1
221 455
418 177
202 360
166 104
250 211
125 185
446 367
342 408
171 265
457 467
202 304
378 225
380 165
371 167
319 499
396 485
2 384
323 251
9 453
35 61
423 344
94 359
42 478
34 495
446 7
331 363
44 177
98 489
120 54
414 182
270 367
95 443
383 94
363 238
125 326
93 109
117 11
298 329
192 418
13 447
250 480
125 213
405 318
266 247
455 252
276 105
430 146
400 244
424 413
74 266
8 428
85 491
228 63
31 317
116 306
236 291
255 85
26 229
342 81
494 221
311 380
22 52
149 407
452 319
473 473
76 408
289 332
237 480
244 413
204 49
106 405
234 203
297 366
297 394
292 7
207 171
206 150
7 6
87 328
250 276
386 317
104 72
20 181
41 209
367 481
58 451
37 339
213 298
433 458
441 86
184 301
180 497
435 392
50 413
435 193
479 257
2 418
469 252
135 249
318 209
367 467
126 293
18 110
310 143
35 214
291 15
81 151
372 357
381 396
362 76
261 256
139 317
246 377
27 42
491 325
208 5
224 244
41 471
81 184
177 247
352 268
350 380
495 312
110 396
358 177
494 185
49 226
63 92
152 427
471 166
358 37
192 165
294 448
6 69
55 197
434 31
318 284
194 155
230 174
347 316
425 140
153 474
275 433
308 191
149 360
389 297
76 187
106 146
397 213
362 150
193 418
489 174
323 96
37 172
317 345
170 414
454 46
179 71
445 197
438 115
473 135
451 337
393 365
199 84
280 164
471 228
301 325
274 491
108 149
23 404
96 25
293 31
416 262
109 91
261 497
220 284
255 156
309 263
407 62
143 79
469 218
239 450
2 174
461 404
436 44
70 237
52 205
253 442
196 235
271 311
470 191
242 451
422 33
120 128
307 194
295 95
252 107
249 365
70 187
416 125
118 142
217 419
98 258
485 54
155 205
71 98
84 12
4 141
219 103
227 454
499 413
101 64
266 483
402 66
462 458
202 132
183 115
85 438
98 476
162 417
49 341
413 335
395 294
112 24
88 172
172 240
299 81
61 320
22 392
41 254
113 27
479 9
269 21
158 172
269 337
425 356
128 479
482 344
248 447
29 267
139 85
491 63
453 326
362 37
388 41
120 447
293 219
493 440
31 70
460 483
324 353
171 368
335 54
80 208
113 80
287 360
285 292
110 206
314 57
332 437
113 282
323 218
213 289
490 90
331 302
41 67
332 406
319 43
22 138
491 59
55 52
289 470
401 194
190 130
346 174
128 58
327 360
341 447
18 29
269 454
323 424
427 458
357 187
288 437
72 316
311 480
9 480
407 206
4 323
424 490
13 56
446 98
438 111
141 90
367 282
490 209
286 351
356 88
273 375
443 145
80 322
178 172
143 7
194 169
407 308
50 274
192 216
351 396
265 225
494 430
281 84
1 107
216 480
83 145
254 325
95 200
428 311
26 124
27 170
328 46
420 64
330 93
190 75
154 37
475 470
255 288
300 5
488 370
295 350
483 341
157 363
184 79
372 77
459 284
70 285
377 281
241 41
373 274
46 277
221 386
114 155
183 296
64 136
18 460
68 497
431 180
226 381
478 228
477 246
339 118
66 337
396 244
29 374
282 319
419 62
188 218
396 80
265 403
232 490
106 254
229 248
208 325
488 456
238 355
227 487
180 86
218 24
17 64
446 305
47 107
233 280
145 216
120 267
476 406
152 465
301 255
308 123
28 164
63 486
27 48
387 336
13 321
154 387
427 363
340 427
286 255
277 473
371 63
165 185
443 444
386 255
354 174
252 491
30 384
134 205
458 441
414 154
440 63
125 335
122 424
190 457
290 41
319 480
38 209
58 355
51 349
279 306
442 106
498 416
261 414
277 7
344 286
405 261
391 176
381 374
336 207
426 11
156 276
4 6
352 125
125 487
266 32
422 49
392 11
498 397
463 136
296 287
373 283
319 1
45 44
420 175
162 226
324 34
20 430
15 19
11 439
36 173
82 431
129 25
346 50
54 461
379 365
466 368
148 308
214 322
115 23
246 232
158 493
259 233
286 373
18 273
325 128
141 379
114 395
263 64
436 133
247 20
64 44
31 259
160 278
95 256
213 94
227 266
209 310
320 368
124 94
57 44
365 450
50 161
330 135
59 25
298 340
246 338
95 131
215 441
292 19
114 167
286 264
148 361
492 404
4 165
488 266
39 334
393 65
69 494
42 398
305 470
168 12
418 209
201 5
381 293
228 296
250 326
227 331
301 486
247 176
46 266
209 240
477 67
19 457
394 290
9 199
220 339
132 81
75 297
262 476
344 139
221 144
184 311
493 468
158 360
132 79
361 193
303 250
127 224
59 308
118 147
410 372
425 80
440 94
141 433
485 427
107 139
12 224
382 4
462 273
499 96
229 196
389 11
231 375
490 241
92 168
100 494
247 28
388 269
119 8
164 213
459 326
5 173
410 373
330 494
282 156
484 117
221 372
285 227
15 487
418 44
56 190
445 77
141 422
142 451
171 104
322 366
352 187
117 129
443 75
366 391
363 326
83 62
410 429
281 67
240 26
485 478
70 348
349 103
86 244
90 226
148 29
343 349
135 451
273 257
458 351
297 149
208 273
112 83
58 121
102 417
389 12
309 171
426 141
450 403
256 321
333 8
412 393
205 76
391 117
380 161
355 5
453 465
97 63
374 249
158 186
385 143
83 396
5 158
429 53
255 468
333 255
167 188
193 400
64 396
495 183
359 173
353 333
363 4
343 456
276 384
262 128
475 332
420 196
163 172
85 447
455 474
342 282
463 371
421 437
20 84
76 334
397 228
383 244
145 237
136 187
209 107
427 30
100 276
419 102
142 194
451 105
54 288
392 168
361 125
388 4
64 259
81 238
212 471
410 368
363 419
146 374
322 221
464 449
174 405
7 334
340 452
122 209
376 33
298 85
309 8
291 54
30 13
409 338
98 353
344 468
297 333
402 351
208 224
297 312
188 212
5 18
372 367
214 46
448 234
425 175
282 307
405 447
437 289
26 130
260 21
366 250
436 98
199 273
442 267
117 69
102 172
280 204
383 186
249 361
438 384
11 20
443 300
365 274
171 492
172 294
465 171
106 179
352 4
157 327
490 115
95 384
496 35
325 63
457 208
25 475
170 357
424 298
106 452
405 338
71 424
319 366
380 149
415 126
282 318
338 238
448 153
294 302
377 43
305 482
447 81
336 493
12 104
60 433
413 392
492 432
122 258
368 225
498 335
175 225
317 400
424 424
469 275
401 293
466 489
382 427
352 287
415 481
402 323
97 122
292 20
246 220
11 314
37 87
239 418
93 237
467 222
462 277
122 141
184 445
373 312
160 300
498 487
23 221
360 426
381 311
348 111
469 393
107 379
281 180
230 171
452 22
319 22
475 389
486 299
154 6
394 390
16 93
319 322
441 366
118 421
288 292
306 475
403 468
179 242
125 168
302 266
380 196
300 152
74 325
394 215
458 276
472 361
71 353
261 9
419 451
60 116
306 151
278 431
6 440
499 456
235 454
475 452
243 99
200 218
17 120
267 355
32 19
214 250
311 12
30 106
35 47
152 249
165 419
296 109
442 10
12 73
382 360
74 277
338 87
446 425
299 96
53 77
157 244
370 497
486 217
223 266
218 498
451 233
309 353
368 476
415 1
161 353
72 55
432 132
314 277
418 85
178 251
400 143
82 253
486 4
432 36
103 389
102 167
290 15
79 291
57 69
291 304
467 319
277 394
240 405
426 374
334 439
411 180
420 351
363 62
207 410
273 163
286 56
401 470
74 288
447 217
499 143
189 479
420 454
128 160
332 264
372 262
378 136
463 176
433 290
409 9
261 197
138 461
395 303
431 145
208 172
170 15
189 26
124 415
72 127
307 269
240 480
238 198
311 437
320 410
469 384
314 370
281 160
70 445
48 246
487 22
406 378
471 186
138 477
55 131
304 59
25 431
212 237
115 375
101 427
454 250
492 487
96 340
367 484
269 458
375 496
178 362
65 162
434 219
462 97
26 63
307 417
373 226
3 499
201 7
46 349
436 407
386 240
171 275
479 327
270 300
350 285
380 272
407 98
179 134
382 482
134 303
435 220
103 327
6 86
181 217
488 255
493 483
417 478
329 176
287 347
429 461
420 220
176 78
36 497
180 260
492 401
336 394
336 128
80 34
124 400
76 70
228 396
5 216
375 143
378 450
437 287
41 121
283 409
479 229
246 225
34 443
147 11
452 177
371 453
32 144
350 156
160 497
209 212
472 319
325 188
324 156
154 213
294 85
298 203
23 105
70 115
260 356
407 414
220 364
295 299
255 294
321 439
304 254
417 111
20 469
18 214
293 125
31 419
4 473
479 94
448 161
374 217
227 185
178 290
499 373
299 106
150 362
473 239
51 378
48 125
447 459
156 291
265 152
86 56
181 142
399 445
384 391
314 301
421 320
392 276
459 96
235 234
424 43
21 63
317 192
276 206
80 50
463 197
357 118
483 382
22 395
39 434
147 241
429 334
453 471
35 163
401 491
204 250
438 48
155 21
491 406
73 239
349 157
473 16
53 254
468 211
332 136
376 52
314 318
27 183
263 12
257 87
155 304
217 430
255 322
354 29
336 474
221 5
224 111
457 171
317 149
42 230
149 391
269 409
246 227
21 358
335 327
236 92
291 495
214 439
401 258
105 198
2 265
475 168
289 222
363 54
293 154
79 320
379 2
173 344
3 137
468 406
496 366
412 296
67 341
254 343
390 420
214 429
304 11
486 460
303 348
133 323
3 45
451 186
316 93
119 462
30 27
29 248
264 168
78 432
358 185
484 461
371 321
132 79
358 149
472 243
383 2
249 421
129 450
189 119
59 292
332 103
346 310
177 120
300 115
200 232
129 345
239 66
100 164
13 74
12 227
482 38
427 487
453 441
345 107
350 117
399 333
101 61
464 30
200 44
289 136
365 495
245 393
297 454
483 413
100 340
253 470
39 57
215 330
168 259
122 194
56 337
70 369
423 251
177 4
480 330
58 222
190 345
401 28
141 355
137 469
313 40
17 81
396 170
188 319
62 148
327 1
471 362
345 108
13 293
197 151
14 430
311 478
302 24
119 165
423 428
468 230
48 379
267 334
357 176
170 187
311 262
97 362
413 341
108 326
277 310
491 122
432 457
290 498
76 394
326 160
331 12
346 305
103 215
19 64
490 69
330 287
497 449
386 108
320 87
161 29
4 418
223 296
493 308
152 48
97 43
379 460
77 437
365 37
8 221
3 94
421 387
325 291
68 212
445 231
66 38
278 378
390 310
21 299
284 290
273 346
97 399
19 359
407 125
277 120
280 294
128 67
122 400
218 149
88 269
324 421
489 153
413 319
483 138
132 238
278 380
170 30
449 128
40 294
425 447
248 273
11 92
272 21
295 326
407 181
492 71
258 413
169 14
307 238
347 6
413 467
29 191
214 24
22 323
73 486
484 81
201 7
100 438
337 337
105 362
29 398
280 324
296 306
190 457
436 241
49 215
381 489
161 44
166 405
162 43
325 91
23 20
320 223
336 338
52 387
180 282
483 207
269 40
387 221
42 69
262 324
187 45
106 112
67 291
158 297
246 182
156 176
16 260
489 83
443 499
467 367
499 412
176 220
167 178
52 5
476 212
83 236
241 37
201 113
367 19
397 286
352 278
400 261
440 133
92 182
286 1
108 64
466 39
346 210
253 426
442 183
298 203
276 108
497 366
451 409
493 453
188 433
429 448
190 244
496 96
487 286
403 375
20 173
49 288
241 326
246 364
254 446
28 186
302 414
184 124
25 17
123 494
232 129
94 140
154 59
327 322
493 323
196 360
251 17
169 291
176 150
335 97
51 163
446 315
260 350
152 225
220 36
457 421
460 166
286 22
279 140
38 11
267 118
474 115
367 162
387 151
61 426
11 294
420 138
385 479
166 395
464 318
64 279
413 449
396 97
494 131
198 339
56 287
489 59
213 220
211 243
383 404
379 310
318 263
167 246
343 38
174 326
79 314
416 73
142 87
58 167
134 414
126 212
89 117
163 37
242 240
414 412
428 491
175 7
26 177
298 262
182 334
208 405
265 406
88 155
351 442
226 479
258 229
118 347
169 66
324 87
169 241
362 380
59 285
202 264
445 188
259 295
329 464
29 427
107 471
430 342
351 332
273 141
13 58
354 476
34 458
437 158
70 490
82 113
276 88
427 303
242 303
419 229
392 102
423 328
69 1
324 447
215 280
201 489
485 208
339 423
238 482
58 208
4 415
125 474
14 131
299 223
90 307
338 211
357 479
399 287
351 463
361 44
296 286
158 100
248 59
133 101
450 248
333 97
45 121
281 441
259 412
188 331
378 146
168 337
495 470
135 111
188 204
27 144
359 481
205 181
103 240
119 325
420 429
367 117
243 142
302 354
267 368
120 229
38 335
145 16
460 108
300 147
464 406
431 450
387 417
302 243
81 435
80 28
293 66
248 468
273 437
345 460
218 439
260 64
337 428
122 478
331 121
263 186
226 315
254 470
58 299
364 209
278 171
337 274
303 292
10 112
28 328
83 482
465 113
16 130
108 469
170 164
1 448
314 418
287 230
326 448
181 233
80 305
163 75
270 384
455 402
487 187
458 145
186 230
183 396
491 107
133 14
123 116
161 480
331 312
379 200
286 326
293 228
226 249
438 140
96 498
416 427
205 261
171 30
28 383
477 184
242 376
362 107
83 480
208 254
53 421
258 483
354 21
163 71
227 172
64 374
476 149
76 256
281 163
35 110
135 342
485 365
155 269
339 74
378 463
372 218
483 104
493 92
36 307
281 437
340 242
18 471
151 412
250 499
362 332
73 175
7 20
304 471
28 348
192 498
465 108
464 416
324 405
49 294
4 396
464 388
467 140
103 301
169 78
291 260
238 265
423 224
325 344
245 316
165 468
293 141
264 287
461 390
257 178
324 240
82 46
162 85
379 45
118 371
35 247
315 180
108 227
97 24
471 296
455 334
59 314
77 323
447 97
230 434
465 232
434 150
35 83
17 227
455 265
294 376
174 457
223 44
112 139
52 188
80 415
268 164
88 162
171 121
177 95
175 119
485 227
495 291
250 294
185 229
12 342
129 131
333 214
47 197
112 183
279 231
453 478
401 283
5 246
141 456
297 122
426 256
420 132
139 34
158 333
345 31
463 24
443 122
91 161
170 8
432 444
457 89
95 399
468 286
134 453
128 393
35 398
116 128
467 253
298 436
70 32
439 226
436 74
65 119
40 141
288 165
185 293
475 261
337 166
475 301
114 90
405 108
136 305
255 447
376 389
200 430
135 114
57 2
305 414
170 84
474 85
393 321
69 166
338 459
372 35
203 40
397 156
142 254
208 269
418 363
279 280
363 474
81 440
498 164
298 386
115 461
133 109
89 308
238 315
398 114
47 41
416 4
358 238
420 170
363 195
93 135
415 87
145 360
276 462
453 6
64 151
15 334
288 179
266 139
189 462
130 9
92 446
291 482
299 427
485 247
213 111
438 333
276 127
205 214
186 200
107 105
310 403
280 52
392 159
199 447
227 344
20 374
440 352
164 460
319 211
494 250
290 242
398 133
17 128
49 300
488 295
489 20
327 429
262 255
433 64
91 25
395 457
158 319
113 45
416 293
22 480
205 79
246 475
262 180
242 275
408 458
264 110
200 25
410 401
101 183
232 47
358 432
387 352
4 220
369 235
158 265
481 234
492 187
321 57
246 246
419 154
419 165
430 410
330 452
167 172
384 127
278 423
280 364
440 191
7 35
275 494
358 71
390 59
370 295
138 54
48 267
75 263
360 108
147 14
382 196
405 217
243 474
112 231
183 497
32 129
181 108
46 212
445 148
33 337
178 271
114 270
158 241
352 287
351 79
29 467
387 283
39 113
58 320
231 361
269 328
499 414
2 415
179 187
479 93
21 142
114 392
261 330
358 434
354 8
493 194
417 200
450 20
330 483
242 420
256 389
95 92
132 39
476 83
356 113
406 172
436 412
210 366
302 414
60 45
103 319
308 449
175 45
31 36
331 341
129 292
127 353
459 322
335 72
91 242
259 123
318 17
145 1
284 211
120 469
137 106
184 217
244 90
280 451
62 264
88 97
43 246
260 242
31 325
337 338
223 124
379 101
451 234
267 272
146 131
162 135
256 416
347 360
422 27
3 182
499 377
94 209
145 134
2 142
295 105
345 498
383 140
164 251
463 292
440 400
459 73
195 83
487 427
186 431
146 401
22 179
184 256
85 480
351 220
87 201
359 111
257 284
192 271
353 420
439 65
379 496
178 391
285 71
140 290
290 464
59 412
95 324
428 87
186 253
276 262
491 414
40 345
95 192
447 404
230 66
152 272
331 319
394 331
194 17
401 20
280 160
401 37
485 74
207 67
352 99
11 22
294 99
21 497
382 74
202 253
120 380
407 102
266 134
421 63
492 370
480 479
66 234
246 307
123 322
373 233
390 35
10 251
74 21
262 380
26 280
295 211
65 412
479 295
467 81
94 344
97 364
257 421
180 428
458 126
355 374
29 59
72 115
241 117
220 131
470 67
314 416
299 109
51 364
486 437
171 92
59 444
215 38
154 399
318 107
36 271
160 324
422 448
188 490
109 300
494 350
65 359
189 84
381 32
80 159
357 395
447 486
157 308
267 52
289 488
27 456
323 432
308 182
124 143
396 314
386 393
69 374
256 113
312 469
438 294
472 116
48 479
228 306
48 445
349 371
203 317
421 275
340 362
114 252
196 150
350 484
334 6
35 330
345 452
77 79
376 131
97 16
340 448
110 70
288 130
425 250
211 309
386 118
256 430
452 324
378 35
131 43
368 152
403 401
312 36
380 281
406 175
53 190
57 376
497 373
232 322
154 297
97 11
128 205
306 293
217 373
103 411
423 16
316 281
233 140
46 216
224 228
310 316
461 364
417 362
24 368
145 208
374 419
174 449
382 488
369 492
185 257
243 405
231 482
209 135
40 39
356 91
276 191
423 466
267 53
391 480
256 241
466 454
272 103
97 273
373 68
104 288
416 8
3 450
98 192
116 10
289 237
83 325
399 181
394 450
424 115
304 274
178 79
357 391
247 446
221 299
256 10
171 37
443 6
419 354
434 171
8 404
305 45
465 189
183 217
481 380
95 286
136 313
448 344
332 290
311 485
359 464
361 472
450 310
273 497
156 355
104 359
419 123
12 257
198 490
122 289
111 401
257 91
141 415
147 41
219 177
171 120
300 142
489 95
120 250
1 211
10 274
442 286
262 352
203 470
317 63
3 94
253 61
60 106
237 446
268 39
205 256
275 55
411 6
181 144
249 17
350 357
428 88
67 349
413 392
286 68
424 82
103 189
207 164
422 400
29 60
405 179
223 89
70 398
65 395
176 281
1 107
193 390
262 389
341 78
231 446
232 100
297 88
105 173
206 371
51 178
263 246
119 400
454 483
308 363
345 57
165 296
312 455
201 54
330 200
474 189
305 298
235 250
444 243
418 332
372 49
349 44
30 299
248 219
323 40
12 132
497 452
33 460
315 109
21 320
219 175
322 219
407 306
132 236
286 208
408 106
494 39
232 281
203 412
99 25
189 180
202 438
217 422
481 30
128 45
72 42
324 380
320 246
158 185
435 295
342 306
471 205
467 273
291 130
322 386
379 317
86 109
193 125
339 210
169 142
437 238
50 254
315 433
32 76
391 8
208 138
451 2
267 165
4 34
93 358
383 355
129 79
362 149
389 300
305 289
427 449
21 159
142 249
409 365
424 185
275 7
117 192
492 268
202 22
228 430
214 179
344 144
284 423
410 221
332 342
27 469
321 257
38 426
186 103
49 65
290 70
394 380
192 266
497 169
260 383
408 254
398 121
231 131
425 482
205 24
360 274
19 379
447 171
72 465
195 57
498 244
31 170
456 305
14 451
204 375
251 107
117 161
113 164
62 346
186 404
16 242
297 143
28 115
311 44
210 423
419 127
51 446
209 134
227 244
269 9
281 367
122 45
225 452
90 450
181 200
391 297
94 116
269 327
81 26
175 131
377 486
3 190
10 13
357 257
470 96
6 410
457 120
262 341
303 181
101 404
418 63
291 230
405 92
340 321
317 185
325 293
59 337
338 498
81 341
20 204
378 152
183 114
203 390
288 446
424 104
471 277
75 441
96 383
328 465
461 34
49 110
460 300
443 476
311 54
62 414
51 101
411 478
292 68
259 236
404 339
192 140
112 291
308 87
360 33
152 378
137 160
486 412
74 449
408 415
68 301
363 436
246 485
22 259
275 175
422 382
139 32
164 168
290 413
69 257
154 475
159 15
6 395
328 39
87 340
343 158
264 125
493 36
196 313
103 3
329 159
306 461
45 228
222 145
219 499
110 274
77 407
21 21
227 58
6 272
332 113
167 18
363 157
453 5
272 327
226 184
120 23
414 227
116 456
106 307
99 340
302 81
195 480
403 245
450 484
435 388
106 361
289 44
352 99
469 191
229 202
283 215
432 387
343 495
198 374
76 253
32 382
313 74
218 59
231 339
81 448
318 208
478 194
361 197
364 479
210 4
196 167
162 103
217 125
63 250
281 248
320 167
284 47
481 175
172 399
305 306
192 230
74 380
51 491
325 10
149 395
435 499
440 438
351 389
20 320
14 141
172 325
147 14
178 441
335 358
40 404
431 128
125 407
5 321
3024 935
3243 3012
1161 1463
2328 2372
1483 1608
1162 738
837 1517
1480 105
929 1958
2929 1291
1208 1738
1218 2812
2444 2697
2078 2144
2812 2782
95 1843
2811 2080
2646 1106
1920 1014
1595 1773
1694 1829
1047 1940
2260 1211
936 3045
98 3024
3210 98
3045 125
1734 2244
787 2544
1608 1162
1531 1271
2079 696
3039 1310
2843 2444
140 1920
1776 2091
1792 2328
2140 2114
1742 19
3286 3210
2697 115
988 3097
1091 260
1187 971
971 1945
2371 1229
1259 121
149 459
1291 2673
1021 872
2962 1259
459 2517
105 2485
1517 69
1109 2385
771 227
1106 3260
1313 3367
2116 152
3058 3112
17 84
3260 1694
321 1776
3097 2146
1211 2929
953 2962
633 1723
232 2884
1604 323
3326 2496
1543 1480
1723 1888
3036 265
1310 2197
2080 634
2809 2954
3217 148
2544 1374
1442 3058
2675 2727
2782 2209
1271 8
2485 1091
73 171
1773 20
2209 2078
2642 170
1644 149
872 951
503 3356
935 3243
1014 3001
2146 2118
152 140
260 3235
1612 1742
2144 1531
1374 3044
694 5
2091 73
3012 1656
227 1616
2177 2121
2443 2325
1616 2675
2244 2265
1940 2140
1958 771
69 1213
171 3217
3220 913
634 507
84 906
3037 127
2517 1218
3254 232
3261 2079
2673 1161
2265 1208
2954 1346
1193 2443
8 2787
20 1267
2610 1075
1738 936
1739 3237
273 518
518 1313
2021 3220
2121 1739
2725 3254
951 3037
125 3039
2884 2915
1656 2843
1974 1193
19 1219
1945 929
2727 3286
265 694
913 2260
3237 2923
1075 1612
2385 2371
1463 1021
3367 1792
1806 2811
453 3317
2923 1644
830 2177
906 1109
2917 538
2787 2648
2114 2073
115 2021
2496 1974
1888 1734
121 273
1829 988
2073 953
2197 1483
3317 3326
2648 2809
2372 2642
3356 2610
3112 1460
1346 2175
538 1047
2432 633
3001 2646
507 787
696 1806
323 2116
3235 2917
1843 1442
2175 355
355 1543
738 3261
127 3036
1267 1604
1229 503
3044 453
2118 95
170 2725
1213 1595
148 17
1219 830
2915 837
1460 2432
