505 71 37092
22 348
201 190
466 452
28 167
306 134
379 14
213 90
371 215
118 381
304 299
150 243
351 399
416 267
42 59
84 312
88 480
314 432
51 308
49 141
210 20
403 285
286 399
161 64
140 150
1 409
322 14
204 482
89 449
426 285
193 236
190 434
335 202
461 214
399 138
135 463
250 118
432 440
191 237
490 476
84 198
302 25
249 140
258 448
195 232
124 445
448 328
236 338
433 276
497 195
467 169
319 190
283 277
365 324
366 440
191 483
126 391
442 330
231 283
233 194
397 470
397 471
227 315
201 50
343 372
451 113
89 229
276 204
298 499
67 48
354 197
139 252
28 287
408 47
46 279
396 440
201 270
245 379
219 356
352 20
377 179
389 216
55 362
322 11
300 157
122 125
132 48
276 385
9 486
390 367
21 158
106 90
446 312
17 165
437 7
211 183
367 472
65 152
61 490
193 350
256 368
71 127
56 153
145 353
426 394
350 152
162 5
496 335
342 324
296 77
352 256
23 72
67 455
490 151
468 493
50 492
24 91
82 443
393 220
245 271
224 497
383 274
254 161
93 33
45 116
143 338
237 127
382 231
101 283
476 388
311 68
316 18
470 312
224 111
120 277
242 13
258 264
199 429
74 317
417 100
151 254
15 312
18 101
319 429
80 270
325 397
359 421
132 362
98 323
388 475
405 377
482 205
474 218
407 86
372 289
104 39
60 115
166 463
211 8
293 15
414 222
113 77
231 237
179 246
170 105
410 151
161 282
465 25
34 189
490 189
213 84
178 28
364 421
212 301
366 411
473 257
457 493
393 102
338 2
165 191
122 53
498 422
302 153
457 192
437 207
297 265
110 444
370 71
115 399
116 32
422 457
73 435
499 152
478 30
159 145
373 291
354 161
49 137
420 67
498 328
304 358
140 117
35 194
490 99
442 113
234 192
191 332
399 278
127 274
430 141
407 381
34 314
294 239
64 106
414 265
3 91
276 396
426 451
354 19
463 69
40 445
246 220
33 108
105 358
226 146
432 211
486 489
125 230
403 339
21 486
69 111
189 59
337 95
464 425
469 296
399 257
29 247
159 1
82 392
210 408
429 383
162 420
457 477
253 440
213 96
167 227
431 256
236 266
147 484
194 29
75 24
56 41
313 468
473 444
127 441
103 385
370 303
337 272
402 124
398 277
364 16
183 188
160 318
404 274
131 324
151 31
199 483
354 386
205 342
460 249
488 454
423 374
486 281
307 196
300 479
15 236
76 187
349 436
212 374
247 249
437 145
358 307
118 95
37 386
258 4
45 169
313 307
29 112
137 192
177 131
135 408
321 111
100 291
292 334
176 89
219 41
342 310
340 146
175 108
114 360
93 251
68 329
68 309
125 275
488 312
167 151
369 13
347 107
76 324
350 137
482 31
228 219
469 475
146 184
155 329
364 129
232 192
292 176
375 265
364 246
39 70
395 65
278 416
408 424
382 152
52 46
139 60
143 173
116 349
300 62
266 268
349 307
304 59
478 427
264 152
404 390
458 110
90 450
266 463
341 79
223 109
225 262
287 436
244 475
237 422
436 126
362 253
449 324
223 271
379 242
69 405
229 12
487 390
357 39
203 298
212 8
271 190
495 198
11 368
88 308
209 36
82 197
130 133
23 489
412 392
13 384
278 179
169 4
260 347
369 128
255 78
180 21
413 182
289 449
171 328
29 492
477 446
133 105
20 8
282 134
294 455
163 446
111 226
461 202
430 7
429 381
46 216
118 19
192 196
192 309
443 26
100 242
311 384
264 114
279 289
323 295
2 260
280 118
350 108
93 479
166 223
317 197
218 117
417 440
367 409
18 121
466 141
468 331
36 387
51 367
372 486
71 42
279 331
463 495
466 179
171 225
42 52
290 137
120 53
368 56
468 185
182 159
371 153
240 223
317 184
350 64
295 339
22 447
213 221
161 184
143 23
192 164
212 99
191 386
80 485
321 40
304 436
171 68
269 405
41 308
250 352
87 398
65 453
348 321
471 456
410 22
185 458
463 168
125 31
277 468
69 110
298 467
130 440
253 246
50 46
303 134
386 12
4 476
282 109
305 49
15 434
434 383
360 431
89 239
438 468
350 62
470 215
260 79
454 388
289 310
484 367
100 245
312 164
116 287
367 152
497 104
9 426
11 35
6 58
331 264
51 251
12 125
136 407
223 156
143 226
281 300
466 344
53 294
297 363
422 248
264 93
260 142
361 259
332 118
293 275
409 416
332 100
207 239
232 24
462 351
19 33
53 183
238 172
397 4
103 87
291 407
274 337
56 46
291 407
61 175
2 294
398 283
331 418
405 178
171 253
252 447
382 347
294 308
110 56
347 340
418 252
420 15
46 399
313 229
15 61
369 420
298 70
407 348
471 423
229 311
67 13
441 382
37 370
227 398
414 227
1 226
38 405
86 171
107 369
207 387
109 298
423 38
226 20
74 151
308 45
244 185
88 167
45 471
154 460
175 313
401 2
185 109
22 231
447 74
13 86
340 395
370 244
460 22
428 441
337 154
283 307
289 207
178 289
151 79
348 88
167 373
20 37
399 67
79 414
387 428
373 107
311 1
70 474
231 291
474 331
307 110
395 274
