2679 1019 352168
342 372
449 254
470 169
136 241
354 73
293 434
367 273
256 40
94 229
351 255
441 106
91 18
228 101
191 425
382 75
237 442
341 104
3 248
367 454
214 254
345 56
448 288
416 281
290 116
418 490
478 391
62 5
42 324
313 341
406 278
150 381
161 336
476 117
489 148
323 112
372 403
254 301
469 437
113 244
33 186
435 38
96 499
414 208
123 99
31 243
455 323
81 206
335 373
314 360
326 304
28 301
480 312
399 267
324 67
289 11
78 30
124 444
185 405
205 497
171 317
132 376
56 240
270 151
208 441
457 405
188 133
155 31
74 40
265 9
106 286
162 91
25 234
30 389
123 374
68 366
191 342
127 378
239 177
302 395
467 143
213 496
431 127
472 483
269 362
240 167
487 68
292 470
182 192
10 151
92 120
238 227
17 287
169 253
102 357
397 104
163 393
80 389
467 105
163 337
182 198
93 129
34 404
157 255
368 444
381 216
439 128
91 85
17 88
482 317
107 199
159 287
183 499
491 326
415 64
251 479
238 401
62 347
73 415
482 34
99 218
128 360
294 308
475 287
50 274
183 377
274 219
266 270
21 27
234 108
215 20
132 103
8 102
320 35
280 61
347 305
245 465
286 429
104 328
350 428
284 29
324 82
161 70
211 51
444 137
425 254
317 447
206 257
10 138
257 164
159 184
299 435
48 187
132 318
72 463
497 374
401 242
244 7
363 92
2 371
110 220
239 371
441 77
363 451
248 49
78 47
256 492
182 284
237 314
361 463
173 328
378 448
85 60
158 244
50 320
60 151
31 328
259 5
135 437
491 412
294 88
316 434
459 475
56 409
29 126
168 102
30 425
197 484
479 92
103 420
478 266
148 50
498 56
216 94
282 140
133 290
266 275
179 377
164 324
321 65
37 283
44 268
18 99
230 10
220 30
368 273
87 475
171 365
61 460
429 134
124 67
126 234
186 469
218 118
292 369
332 251
372 181
190 436
403 15
164 122
151 255
348 208
422 143
242 111
180 277
35 402
127 345
499 466
374 43
476 269
53 19
433 251
309 345
188 434
93 231
436 223
236 75
74 55
484 322
239 153
55 384
140 108
450 119
199 215
391 78
420 483
59 470
57 278
295 236
392 430
454 141
383 466
138 414
187 209
22 24
9 408
101 68
100 424
328 459
492 363
301 495
33 446
51 388
485 63
37 418
133 433
370 25
236 2
414 283
343 225
354 61
408 262
42 402
65 82
99 4
273 221
420 11
141 346
333 448
419 223
281 489
472 78
468 396
491 366
81 171
197 194
253 341
224 468
173 313
220 406
430 31
252 233
196 107
491 25
125 481
43 289
365 96
423 77
468 250
339 73
380 134
467 376
417 416
281 74
469 499
168 246
84 33
9 455
380 268
316 317
126 428
307 103
317 114
39 117
446 187
273 486
196 306
201 472
221 145
443 23
400 431
358 383
390 417
346 106
325 428
137 51
289 432
120 140
109 283
434 120
273 336
18 74
289 308
430 87
375 17
370 212
423 11
64 90
257 109
233 410
231 478
114 480
222 446
253 17
211 463
376 341
301 76
19 17
113 214
107 98
478 373
16 437
469 422
195 445
233 149
315 165
16 466
306 163
238 398
250 57
388 57
327 314
20 119
358 34
434 443
60 29
52 102
448 8
130 297
491 286
248 88
422 13
439 106
211 3
425 352
300 459
107 439
497 22
50 420
141 158
478 421
434 355
196 209
376 405
239 307
432 413
90 7
287 474
445 494
101 414
13 179
464 46
216 269
475 301
443 397
493 131
240 273
217 413
278 192
315 433
423 143
125 101
496 380
353 436
14 491
128 469
110 260
271 213
255 242
38 358
247 470
169 178
92 276
28 479
282 337
344 370
171 73
256 286
401 479
124 485
140 432
471 274
351 61
440 372
150 64
467 425
69 170
132 121
106 127
414 384
496 316
387 223
307 447
224 204
313 306
171 254
158 154
365 44
240 264
97 10
465 114
238 7
146 77
196 27
339 476
324 440
148 474
279 106
329 291
113 283
337 187
198 122
150 240
168 146
104 459
208 319
239 167
269 212
375 63
476 467
49 93
165 340
334 13
204 283
328 294
79 316
166 120
185 373
470 337
375 74
251 234
254 101
231 268
214 288
338 37
256 85
25 393
399 345
262 404
141 469
309 394
5 320
173 400
115 131
36 294
168 270
127 411
159 93
424 375
191 268
425 290
371 398
68 490
472 142
389 404
307 441
332 157
220 498
265 133
472 133
393 245
90 91
357 478
153 1
264 253
367 483
16 135
188 173
187 30
67 390
357 410
267 479
262 31
88 252
452 72
229 469
13 350
209 494
16 495
316 229
337 478
346 73
40 280
470 250
404 57
114 312
158 267
218 186
313 444
82 272
441 87
103 94
420 345
49 396
207 351
455 154
194 94
396 327
94 198
381 203
316 288
310 185
45 394
394 112
383 275
370 454
172 107
163 1
355 147
326 306
156 107
415 58
105 28
83 256
262 389
80 484
65 43
412 100
207 356
296 143
173 203
257 417
262 401
166 197
180 223
233 1
285 188
239 79
36 120
183 199
321 390
233 8
457 464
5 367
200 16
27 396
2 358
118 475
197 236
485 436
456 315
360 12
370 60
248 282
293 43
244 209
430 96
190 349
326 363
46 215
455 149
309 231
243 50
324 420
176 163
17 284
129 3
472 357
245 87
392 329
175 466
450 111
314 447
450 491
347 192
197 233
415 201
34 219
210 67
103 271
470 240
80 404
451 449
465 74
78 172
243 188
130 152
66 84
319 484
383 4
373 279
121 34
214 67
41 187
137 206
436 320
70 199
19 116
128 346
364 33
59 320
62 103
206 44
139 373
264 246
491 456
375 51
235 486
1 202
499 88
24 410
136 321
45 481
392 6
23 106
383 442
243 30
262 371
59 74
274 446
381 255
149 282
488 219
435 198
112 138
493 158
122 401
330 214
476 426
439 108
75 112
350 488
403 39
234 113
85 62
459 106
50 25
371 351
355 245
438 318
32 384
372 172
256 53
470 250
219 255
173 376
466 336
338 348
440 463
304 247
171 475
221 108
330 277
371 207
329 121
239 442
394 170
476 486
401 439
458 14
28 429
427 217
172 182
152 86
168 233
224 277
99 272
349 235
221 235
140 399
195 390
194 467
462 24
359 316
253 109
300 455
11 29
248 198
160 294
58 206
214 356
73 369
467 3
65 176
28 155
223 474
429 136
124 494
445 237
349 333
26 21
459 390
30 325
136 44
138 365
232 69
7 64
327 108
13 153
300 148
157 202
73 44
190 94
311 61
313 297
75 144
143 193
423 395
8 392
495 478
417 377
121 296
49 223
404 342
46 75
162 36
456 390
449 342
430 417
348 111
367 298
437 127
107 414
38 416
129 391
401 32
324 394
77 357
442 17
400 50
307 434
182 34
171 231
458 161
338 124
35 205
238 86
183 496
217 246
198 230
64 14
37 457
279 218
119 40
276 161
415 141
29 275
209 163
271 373
58 337
138 9
175 366
101 388
381 288
389 271
472 389
212 302
115 53
130 81
490 402
298 91
487 127
55 88
2 325
297 193
225 166
217 65
177 235
450 10
443 289
242 257
291 212
216 176
264 3
116 154
206 456
384 420
423 106
389 393
133 141
83 407
28 317
454 201
383 247
382 491
480 495
477 70
67 249
278 228
204 412
35 246
24 492
230 421
193 244
471 186
327 481
495 240
277 487
487 457
11 103
22 336
163 314
3 234
224 462
362 322
465 372
272 205
7 157
257 487
251 251
133 237
425 324
44 221
180 199
270 354
35 412
422 33
496 240
160 486
100 327
361 377
309 247
458 237
77 161
204 41
236 83
286 286
495 192
163 273
126 330
489 26
88 385
154 160
239 181
421 434
466 294
162 392
291 281
28 376
153 401
237 423
356 285
116 135
457 34
322 212
64 243
476 156
200 441
311 269
225 489
64 339
126 427
170 33
378 308
488 497
61 247
414 388
78 43
316 488
7 242
467 230
99 40
435 155
79 306
88 129
467 218
303 430
274 45
387 11
79 486
147 278
336 212
193 288
235 421
275 228
466 489
247 386
383 79
44 246
319 151
356 187
462 105
415 350
481 191
263 315
264 270
442 35
16 168
382 383
467 226
339 191
310 381
104 401
251 212
156 311
71 374
233 230
79 487
317 318
161 493
112 395
428 101
121 376
26 256
63 88
435 127
461 377
115 368
130 256
298 56
246 309
104 265
349 385
141 489
241 367
96 308
132 47
478 167
242 28
147 266
439 185
480 345
411 245
204 430
447 129
379 212
411 265
316 258
315 274
464 477
173 323
265 124
323 310
416 240
239 174
149 233
3 189
107 284
384 175
351 165
80 362
149 242
399 20
140 466
223 115
469 226
410 330
159 94
322 216
383 204
34 418
480 34
367 182
284 32
105 348
64 148
174 75
475 129
409 358
431 285
139 340
231 44
207 17
113 247
25 465
402 137
96 331
95 309
302 120
421 339
236 18
378 186
306 216
474 449
135 316
143 11
84 283
27 377
429 79
400 134
462 338
292 453
213 95
478 280
392 17
276 363
363 20
20 171
34 34
307 299
23 491
478 96
186 132
175 274
67 394
479 332
112 439
3 60
226 52
222 358
118 469
277 303
497 345
342 279
206 336
89 104
402 121
105 394
480 490
325 108
367 62
100 435
237 196
384 87
33 292
327 33
182 169
473 351
312 318
196 317
453 285
151 410
418 107
216 354
464 32
322 263
246 17
265 420
104 333
26 483
292 200
81 460
12 326
468 234
215 6
83 275
94 388
113 496
330 319
467 466
112 36
197 138
337 195
24 278
220 131
453 5
133 221
143 306
155 14
228 203
344 386
372 276
403 207
105 33
339 153
302 446
62 164
171 381
323 208
16 278
406 388
133 126
114 395
389 436
174 458
29 332
233 396
360 422
287 155
448 315
73 208
459 332
333 374
5 129
117 347
262 224
292 139
454 368
309 77
340 493
4 349
310 400
12 103
420 73
387 155
164 179
486 368
41 50
71 300
493 427
208 240
88 43
445 230
357 189
71 328
1 207
103 17
292 391
293 365
219 386
342 341
202 37
179 409
12 475
366 24
377 438
391 114
207 497
177 422
184 240
270 389
226 92
432 226
164 222
419 389
84 293
171 48
72 468
157 344
103 456
493 138
291 437
115 55
345 72
464 326
361 98
167 310
252 183
217 476
286 245
404 200
216 37
414 275
267 86
317 395
39 76
113 490
65 94
66 173
459 11
313 49
255 273
361 293
191 227
239 78
154 43
298 377
140 476
441 75
337 95
25 327
288 44
71 40
405 427
498 209
409 40
42 463
392 463
173 496
152 2
17 276
410 212
374 407
265 268
201 141
216 91
346 311
347 177
382 333
191 462
137 448
479 415
14 474
47 75
326 26
324 444
423 451
162 39
446 390
427 439
46 418
409 279
278 432
7 298
392 485
297 179
335 16
139 207
168 449
444 300
90 357
352 193
240 279
73 32
164 430
144 284
168 468
262 473
328 433
410 359
123 293
91 317
413 16
229 229
82 244
378 395
310 76
187 464
134 485
362 401
314 142
273 51
6 103
280 336
254 472
275 278
328 480
39 303
47 3
117 44
361 49
132 149
436 319
230 295
403 54
241 43
74 330
47 21
471 422
224 213
258 167
143 186
478 221
254 255
445 274
388 43
138 252
133 136
417 200
134 187
8 45
241 204
416 172
117 234
405 245
391 310
271 486
458 459
75 420
245 236
442 159
148 52
376 119
274 148
395 294
317 18
424 20
364 302
438 498
442 128
494 386
76 119
1 73
461 6
492 224
150 124
223 64
183 452
165 18
337 143
299 234
372 334
104 329
354 106
135 382
170 8
418 181
16 133
472 216
16 243
326 146
437 180
252 101
431 324
53 309
256 209
48 37
231 150
198 137
359 188
206 379
494 61
57 276
303 390
226 462
121 436
338 67
263 443
201 245
215 458
183 47
371 269
306 189
52 16
204 102
59 143
445 187
318 103
104 386
385 237
55 93
391 286
113 340
205 376
471 55
139 498
351 79
27 138
156 471
267 4
418 449
345 99
268 169
123 388
206 36
212 300
312 40
325 210
497 77
79 104
314 53
181 123
451 175
157 292
333 49
389 31
106 347
133 150
490 136
317 168
260 94
148 2
221 485
303 224
145 265
449 26
331 450
400 470
135 337
7 91
212 488
429 22
74 24
157 150
86 186
287 184
266 265
185 3
178 127
445 374
72 408
360 472
294 409
469 55
476 478
207 491
337 391
282 181
222 39
223 254
404 130
433 190
237 445
399 206
408 2
17 491
4 81
281 237
400 117
444 63
444 477
164 290
89 271
442 295
381 493
370 186
480 15
87 163
298 387
291 200
142 182
362 166
54 417
369 401
467 221
365 16
476 429
448 166
156 40
348 141
357 59
329 319
61 11
179 375
376 356
297 310
401 179
350 393
461 142
319 239
331 370
285 60
97 102
111 59
230 208
38 328
62 68
103 354
412 57
357 449
431 370
471 354
345 337
192 258
128 61
449 223
376 97
159 93
42 166
297 91
227 19
270 35
274 81
150 262
317 397
87 279
137 259
258 456
164 472
434 179
352 158
109 89
2 236
129 403
89 350
479 354
248 487
335 457
153 76
61 338
120 311
216 118
342 467
295 286
176 380
494 47
117 386
90 193
430 192
18 47
61 214
392 333
465 340
319 85
190 248
134 51
159 286
391 373
20 151
419 120
400 282
368 164
16 226
141 495
126 409
199 19
193 137
455 123
7 104
156 262
260 429
233 475
202 286
61 207
364 267
426 191
384 336
377 215
82 282
378 113
18 161
245 107
392 342
339 154
391 117
97 232
215 270
106 215
427 414
204 284
110 272
183 389
22 5
214 26
471 144
124 139
26 439
58 332
202 209
358 338
255 461
392 103
236 93
158 128
17 3
423 19
160 321
336 482
254 13
439 490
57 375
389 497
461 186
478 499
55 68
3 79
361 434
27 370
341 368
196 304
42 116
210 215
329 72
293 37
195 441
168 89
48 472
219 484
162 389
296 214
26 26
31 208
431 150
41 468
368 228
190 63
361 298
337 436
484 398
9 321
391 484
60 300
103 434
390 424
75 293
222 471
419 162
108 368
142 134
409 142
293 108
171 384
234 226
273 156
392 336
235 40
156 49
193 434
50 342
83 466
272 236
85 407
444 359
43 11
79 467
310 477
56 205
77 97
57 255
450 87
121 85
15 274
306 332
156 403
267 295
478 381
135 430
79 417
332 260
158 485
44 72
359 360
96 441
377 120
348 131
13 392
484 74
442 289
39 51
193 458
259 380
469 194
114 365
340 307
210 231
318 370
140 297
313 313
238 482
494 214
77 265
70 476
156 265
244 488
167 455
333 376
115 34
285 188
138 151
218 314
159 498
147 102
389 145
54 421
152 168
184 380
400 256
283 124
173 383
304 52
69 23
381 490
315 330
62 489
413 247
275 71
313 434
455 407
98 495
169 74
86 490
357 80
156 96
337 317
297 364
8 196
267 470
165 387
389 122
68 155
484 223
35 387
361 215
442 178
345 488
496 353
340 17
484 241
326 374
60 185
20 345
420 185
128 201
48 478
280 244
109 221
123 236
185 420
313 136
136 133
411 147
442 212
340 168
418 87
438 99
251 313
355 138
12 72
209 76
248 219
80 292
144 375
427 34
300 496
469 161
59 459
161 249
474 54
344 196
476 410
7 257
290 455
198 493
31 139
455 1
89 26
193 270
179 47
443 51
193 256
166 302
444 370
380 8
245 261
24 344
323 430
41 238
375 162
64 438
483 82
164 147
41 477
41 184
432 228
423 323
292 82
299 432
103 282
32 393
145 27
404 77
453 496
8 480
419 157
431 249
181 365
156 439
389 333
446 241
468 194
293 443
188 188
247 143
324 99
44 402
287 368
326 4
250 384
375 492
484 105
255 252
105 419
135 78
323 144
14 456
289 389
202 441
460 483
299 95
342 280
137 113
422 326
138 228
204 147
347 261
16 31
465 12
324 433
17 259
270 425
459 450
243 251
317 209
186 61
77 377
170 32
265 172
420 279
436 199
123 496
252 168
271 41
23 445
109 287
400 171
115 75
412 411
93 205
480 91
246 399
146 115
208 62
491 280
154 182
337 449
33 195
71 176
218 468
244 249
302 140
205 118
64 6
77 138
95 403
495 27
435 373
76 348
411 435
83 243
357 69
397 364
47 172
68 431
76 229
69 435
407 206
111 1
333 381
167 262
346 126
10 374
435 286
297 355
431 15
243 361
158 308
270 78
136 439
488 479
353 194
408 389
234 223
107 414
92 226
247 5
351 282
358 173
225 360
253 131
406 325
11 34
1 67
428 1
119 76
258 99
377 112
388 236
486 120
417 158
294 23
427 371
79 261
347 118
413 79
344 303
242 439
293 346
246 392
362 420
322 415
305 377
150 348
349 353
11 485
57 77
225 364
84 371
230 162
92 9
204 368
268 21
466 435
126 235
413 364
92 125
346 358
400 89
231 446
214 6
32 70
150 169
465 377
79 72
265 166
211 291
327 258
232 37
233 431
491 392
324 81
391 181
360 97
44 254
3 150
357 383
391 281
104 187
163 489
119 346
274 41
338 104
491 348
10 369
243 493
466 207
368 62
432 238
255 63
134 16
220 274
170 346
294 235
365 430
85 297
336 298
288 161
38 390
397 231
207 431
123 5
64 266
271 96
43 215
243 36
244 252
492 331
358 130
443 188
195 198
361 22
4 288
123 494
377 484
435 26
487 142
25 231
165 346
167 416
350 31
168 416
358 357
453 165
395 451
290 434
320 111
329 376
437 118
418 16
263 457
406 195
460 413
396 483
264 328
221 38
343 154
287 384
423 349
151 115
92 105
97 305
233 36
202 197
496 221
387 14
161 229
42 127
258 74
291 13
111 181
133 298
207 191
472 63
453 140
190 338
232 217
19 332
19 193
442 397
180 454
132 337
28 277
273 156
418 194
37 462
17 487
6 494
94 122
126 341
374 58
162 481
160 351
285 360
66 120
245 241
337 371
84 41
108 411
451 84
172 82
415 425
50 48
393 332
197 8
350 141
12 374
285 104
239 167
157 160
208 89
212 274
478 119
442 369
411 188
438 105
90 467
313 414
399 470
150 406
53 185
397 204
263 451
269 477
213 470
376 352
400 478
134 244
108 167
294 335
193 476
398 443
180 26
266 206
229 498
488 412
85 383
257 102
223 65
28 117
146 111
48 96
35 458
60 163
297 220
103 390
235 361
65 468
280 152
454 156
46 348
452 216
326 351
286 456
159 417
433 204
379 367
248 407
209 463
153 18
472 339
8 437
492 248
343 55
185 244
234 216
397 408
188 290
135 445
140 54
273 184
19 274
274 329
159 277
211 41
495 11
185 40
304 249
323 164
459 317
341 262
337 353
225 136
146 176
14 268
429 93
153 423
199 399
337 489
489 211
363 35
122 119
265 471
430 65
426 257
56 70
175 101
80 72
34 300
98 379
416 6
245 418
162 388
472 149
361 191
486 371
438 117
109 438
223 243
263 396
172 105
182 464
214 291
290 334
163 300
266 358
390 202
136 148
66 111
426 166
410 198
359 303
182 415
125 242
206 292
383 450
138 90
96 95
280 72
461 446
97 269
319 419
255 239
90 484
336 222
365 242
236 492
332 165
376 346
73 39
339 68
357 281
201 342
97 140
264 421
230 173
161 440
387 206
266 128
199 303
158 433
259 34
82 220
40 11
214 198
149 407
132 402
97 209
275 48
346 353
421 209
399 466
67 136
416 55
144 362
219 479
420 36
359 383
431 215
185 116
234 272
80 107
418 436
300 492
6 47
129 495
105 129
332 223
74 315
20 190
394 76
464 63
160 400
235 468
380 397
104 168
123 14
427 49
204 169
256 29
192 451
79 35
170 244
289 471
472 345
79 95
61 425
305 136
343 158
25 281
203 104
444 285
279 331
233 184
141 235
422 121
50 401
465 45
165 277
301 35
356 95
96 22
134 469
382 456
93 153
498 84
123 111
2 338
333 24
23 470
133 6
330 410
230 62
484 480
475 250
491 56
354 1
275 216
180 434
96 88
164 280
104 217
165 326
336 2
109 488
178 429
493 51
170 173
423 360
134 318
355 485
61 283
465 381
243 108
191 275
64 160
427 54
59 361
343 107
5 433
392 288
87 212
100 161
123 426
382 141
243 344
257 273
301 155
127 244
219 497
130 256
400 492
134 393
33 30
327 133
194 23
369 356
312 144
138 373
104 125
211 445
388 77
484 467
172 341
479 220
203 382
485 122
150 192
278 287
488 202
395 323
61 294
109 262
425 318
163 19
42 341
171 84
53 222
392 492
204 123
275 217
124 427
336 427
257 471
278 331
41 340
261 59
192 165
333 467
332 219
36 425
292 275
153 171
457 432
242 340
301 87
88 418
78 384
341 467
252 134
155 75
207 175
31 392
411 302
235 311
454 204
443 82
213 286
22 205
260 323
416 9
6 208
76 105
417 345
134 149
467 478
280 65
104 487
283 260
469 408
451 14
274 174
479 28
444 399
84 16
321 71
437 251
307 218
211 94
360 74
57 406
225 243
485 38
450 311
116 405
378 161
447 134
96 182
87 194
364 203
63 425
383 30
52 32
182 117
126 113
396 76
222 243
310 236
378 282
476 248
45 439
181 40
318 140
90 101
476 256
338 295
458 315
196 217
21 210
449 408
141 349
313 222
349 174
339 362
441 29
479 127
60 328
490 491
6 92
6 459
469 23
129 208
265 110
81 476
402 338
360 373
319 206
18 215
149 318
36 228
434 489
295 34
466 61
440 254
240 406
315 221
351 302
448 479
310 122
492 337
422 95
474 390
220 62
77 389
429 60
255 86
450 225
247 335
207 56
99 91
107 149
430 382
266 146
154 480
465 169
427 342
210 423
190 228
339 267
237 123
213 454
479 384
356 443
198 251
377 90
7 3
348 283
389 425
138 287
216 494
175 320
11 347
458 447
196 399
327 37
17 456
495 227
255 217
427 150
216 404
419 377
352 385
27 260
119 267
493 280
204 444
396 391
213 389
363 239
134 255
343 422
175 226
280 416
127 351
315 29
87 12
384 333
498 480
204 355
435 497
474 362
410 114
389 416
417 472
379 379
490 138
221 263
24 160
82 112
163 492
194 209
33 255
387 407
272 117
120 385
370 360
188 307
472 216
391 58
152 7
362 415
401 244
10 377
226 402
254 469
103 431
352 286
277 395
215 412
134 471
446 389
194 319
347 112
178 469
206 460
440 263
477 190
296 9
483 27
343 432
100 69
475 175
243 388
49 166
66 413
354 49
149 311
27 316
110 168
97 277
499 256
128 207
23 164
383 107
385 312
267 160
52 247
492 250
148 406
92 33
499 371
163 495
496 21
95 210
262 200
170 196
475 48
300 226
275 57
394 265
481 389
274 140
158 262
152 385
132 447
139 93
122 145
358 499
77 285
18 176
332 437
104 263
126 367
475 128
263 451
185 309
350 443
429 125
257 367
377 451
7 95
101 66
46 230
4 116
450 110
416 327
292 364
180 249
24 201
203 427
462 111
13 42
134 356
144 256
235 182
310 204
167 17
469 183
375 118
461 234
453 457
207 281
9 98
173 88
191 22
365 407
486 413
437 315
388 197
143 390
449 79
457 410
207 411
324 196
234 281
495 233
213 118
9 124
49 340
221 223
43 444
378 491
187 433
417 298
224 262
225 181
28 121
47 410
216 289
163 414
367 204
360 202
277 44
320 305
476 44
306 189
266 498
471 21
9 181
67 217
69 111
354 153
351 143
183 376
355 303
57 365
397 20
57 325
277 423
353 55
222 42
228 47
362 410
442 246
32 184
412 272
309 25
245 489
291 404
279 249
181 139
215 310
95 49
480 203
14 477
105 124
328 103
31 386
62 279
296 123
466 60
177 460
361 262
97 405
362 319
309 247
174 296
169 290
53 405
185 397
236 51
180 431
93 62
292 13
445 215
455 341
273 489
107 96
97 290
220 47
424 405
471 75
2118 1925
1611 1653
128 1589
2307 1963
464 2444
621 1938
1042 669
1217 1696
1281 1608
2345 2220
1698 2022
316 2053
1051 277
2053 2032
1371 1591
228 1577
953 2047
1382 1826
28 566
693 864
1169 274
1592 2571
2033 2445
538 185
1225 2633
2074 1654
737 2389
649 2630
2434 645
971 2308
356 383
112 1645
695 2018
805 1006
2447 2671
168 2214
854 66
2162 607
2627 1656
463 424
2350 661
966 3
1700 2428
1338 2668
1192 2629
31 1513
268 1391
1323 2204
1580 596
436 1998
2034 646
2376 2271
2229 987
641 487
550 2506
2518 1019
2389 1882
2488 828
1512 1237
68 2229
426 1390
993 1347
292 655
863 1322
314 612
1713 1472
3 28
1280 653
979 1292
32 1924
2327 966
2415 540
2660 1636
2304 1537
1460 693
2129 1717
963 976
1789 2555
1126 2348
211 1477
622 2349
1831 2432
131 2125
1161 426
1028 2104
1894 2211
2538 696
2309 2174
2052 1679
2448 2600
1548 606
76 2518
59 1790
1274 333
389 2089
2088 724
1405 1393
2226 183
698 1170
912 1982
2440 1766
333 456
2227 259
2061 772
610 2317
39 283
1934 1847
1406 2347
2491 310
2010 529
1873 127
664 842
836 38
1921 769
2477 2020
2363 292
57 1482
1071 1675
1576 131
624 1457
1916 1481
1208 2251
343 1273
669 1569
1933 868
2671 1039
2073 926
144 990
202 1190
1269 417
926 442
2198 778
2213 1797
1707 521
1925 196
1683 920
327 2670
2184 45
2143 2324
409 1105
1774 2268
1627 1069
1667 721
2209 1064
1016 2194
703 2574
1237 194
1661 2356
195 155
1400 2052
1928 2035
2032 137
170 1693
240 1240
277 1042
544 1303
713 359
1006 1242
2580 902
1985 346
2005 1511
1726 2621
639 198
86 2635
38 945
533 745
2678 2180
130 1176
969 643
1297 2141
1829 2061
407 550
875 1760
1105 1036
1204 2409
1900 1839
1153 849
2195 557
2336 1592
1796 1140
1074 859
1675 2440
1366 119
829 1875
1539 1661
2054 1810
629 2330
2502 378
2482 2188
1178 2230
1701 2677
802 2384
1193 382
2173 834
1066 892
1645 1850
2635 264
2174 731
2065 1991
2141 952
952 969
110 2666
688 1293
403 414
52 675
642 1525
593 923
2211 308
1926 1107
1763 2321
1018 804
75 1376
1833 1631
2569 1508
2384 584
1404 2219
1636 493
226 1874
1264 628
2391 2459
940 1934
958 1308
2078 980
45 1405
761 339
11 965
181 928
2062 2353
1682 1542
920 297
859 2339
1223 2631
2625 1467
308 629
1739 2392
604 636
830 611
1417 1884
2260 2213
1262 1886
951 85
2286 2482
865 2581
1314 152
2243 1932
2510 144
2256 107
1479 736
1582 2202
239 1442
1847 2507
2339 2216
103 1027
1620 403
1096 475
1097 1126
2386 2280
1950 2062
2180 2488
1874 1841
87 2117
2147 2286
2356 381
2446 1478
1119 2386
711 2376
1693 1404
443 953
653 473
678 1818
1122 1204
1181 762
440 2382
2636 2576
718 135
742 1821
1287 499
1589 747
385 210
2199 728
1872 270
1992 2209
1785 2162
2444 2159
2104 1789
2399 1683
1508 1093
1906 2529
358 1713
432 2510
270 1398
2349 2651
513 329
2156 2260
1517 641
1613 1952
2026 1997
1571 2316
2271 2679
2308 1652
487 1594
2479 1256
2153 2499
1603 1950
980 118
1511 671
1043 2363
473 1549
2547 1066
1684 2449
1945 2463
1938 1384
2217 2495
654 2026
1766 1097
1656 1725
2487 314
2008 644
555 1510
872 824
1333 718
1436 2450
915 1366
1482 664
1697 2065
717 1378
2670 1819
1612 1323
35 1682
1265 2040
2594 887
1659 2368
1868 2612
706 998
663 1452
2646 2560
584 2614
274 231
636 2491
1733 2496
877 2640
1654 1114
2214 1427
382 2186
479 638
1496 2406
79 1785
1960 2143
2012 371
137 2541
99 466
1147 958
1631 815
2472 2147
183 211
383 269
2675 543
1586 784
1760 193
508 2173
2530 327
1663 1193
1438 1560
1525 1799
2175 2678
2319 1960
628 1089
233 573
2150 226
267 610
1453 478
336 1444
1982 77
1769 112
928 103
721 960
1703 1816
2321 1692
1031 74
220 2074
1770 2594
1273 2005
2368 755
119 618
671 678
2114 823
307 2015
193 1989
609 531
499 1908
1560 2150
770 1265
2410 1329
1628 1397
2611 1755
2090 1501
1751 2350
456 1129
1783 324
1904 876
1002 2417
645 1333
2006 1844
1183 1496
1395 483
310 1701
603 999
556 631
892 593
888 2034
1999 1800
371 832
1452 889
1807 2033
9 2522
2233 525
1958 1742
1681 2136
1033 872
2522 2175
108 1831
1810 931
2011 2388
987 1859
1897 2335
2212 1539
264 2656
1812 1161
823 1890
525 2625
834 257
2092 444
661 544
2300 2054
2566 1406
561 239
2086 2540
2553 1837
1593 9
359 657
2468 440
1881 23
77 1160
85 234
169 1705
643 1375
231 1239
1826 1949
2590 1681
1991 2134
1852 1894
194 2043
1303 2553
1036 203
322 1338
2664 160
2186 518
999 2243
1963 809
1591 654
1062 136
2417 2129
466 168
1107 730
2019 677
1306 60
1335 642
152 123
1376 1945
2515 703
837 170
1924 149
524 836
1510 903
783 312
2382 695
2237 2011
482 1453
2164 1331
1608 1727
885 2092
66 2528
1331 129
1240 1507
1418 2515
2612 2477
960 2333
154 2675
923 962
521 2619
1755 1596
586 447
1471 2029
2412 2309
540 1183
1594 2611
2633 385
1186 2246
1782 911
576 565
72 1992
2047 2303
1993 2329
475 32
493 52
945 1492
596 2012
1236 1751
2549 443
903 524
755 1515
2528 287
795 186
324 1424
454 195
1727 1698
889 1659
1477 2645
1329 2550
394 2086
1695 1926
346 11
2015 1872
2561 55
2022 2561
931 1113
276 774
1425 1892
1444 2390
864 1096
48 242
160 837
155 228
518 84
2240 2101
269 2544
1160 1419
1457 663
1089 1262
778 2371
2455 1911
907 2664
1064 2072
1492 2345
74 1985
1553 2573
2134 2158
607 2222
2496 1235
1719 1740
543 1611
2615 267
1378 2514
2045 2659
2066 389
2196 1088
566 25
2160 1807
760 1491
2463 2311
646 819
2126 2000
1435 1469
557 805
372 1217
2289 2195
444 555
2388 1733
2158 313
1744 1554
826 2240
1019 737
107 2591
164 2487
1101 709
1467 2185
1513 2090
1419 336
2529 508
736 86
278 1002
255 1958
393 885
2574 1898
1777 713
565 1695
856 1739
1838 1697
2445 2114
1442 482
1541 1383
1898 2019
1424 1933
117 72
2096 2055
1952 1436
2035 1499
149 2256
244 1774
849 2592
1984 46
1678 1929
73 1770
127 993
246 2160
1307 739
1708 1796
30 454
1640 2385
709 31
878 997
84 2380
1652 698
1989 595
734 1999
2437 1316
1673 951
198 865
1507 1018
1758 1435
1892 742
224 409
210 1071
1 96
2560 1
1968 1833
1883 2549
631 348
123 1448
1038 432
234 1074
2190 372
287 979
2668 1278
1988 2448
1256 446
2202 1662
1170 2261
531 1336
774 1613
887 2190
1884 464
612 1468
2512 2164
1278 1769
2571 1881
2 1777
129 1101
1070 1151
2408 1314
1114 888
1875 467
638 574
776 1400
668 2336
2647 978
138 560
2194 1128
1800 1568
55 603
1069 75
96 2472
412 2328
100 316
2348 1954
724 2304
2432 1787
2251 2079
263 2078
1742 1529
196 2512
1911 1280
1588 2374
1469 802
2428 1395
1622 586
1391 2242
438 649
809 255
1294 915
2656 1070
1054 2226
2016 1417
2677 117
2113 335
1360 246
731 1993
1818 1382
1113 1264
655 451
902 1223
2406 1687
1797 1179
1882 412
1679 1571
595 436
1241 2073
136 783
954 2024
1671 1100
1705 1043
1919 937
2029 2455
797 561
2629 1306
832 624
2323 1582
730 981
2662 1153
2294 538
1737 840
1839 2227
1179 1411
1398 829
2599 128
247 224
739 1921
1478 1011
1151 1311
1886 2468
1692 130
465 2412
965 276
185 2604
1128 1269
2555 1702
2230 954
1841 1912
1577 1479
381 138
1322 760
2335 604
1397 609
1569 307
1740 2199
1929 782
2020 1371
1954 1671
2018 2016
1472 1541
2591 2096
467 572
2220 2269
348 263
2640 2408
501 1928
2076 343
339 1968
1949 247
618 877
762 2615
2200 1812
1816 1700
2242 167
1390 1889
1491 670
677 2126
1086 1984
1819 1246
728 1051
625 2088
2330 1186
284 1360
824 421
1384 1897
1965 1512
1140 311
2157 57
2269 1603
2188 2636
2204 1122
1542 688
1239 1873
2353 1684
1537 940
2581 2446
447 501
2579 2153
2604 479
1176 1586
1662 1738
1100 278
442 1147
1808 1566
60 1627
335 1335
876 575
2423 2113
2324 2212
2624 1232
1246 1016
997 1965
644 2447
772 2410
962 1425
2544 2138
1606 64
2507 533
2506 912
784 1460
635 1913
1299 808
804 1297
1549 717
911 1763
2024 169
2431 711
2540 1916
1027 576
1455 453
745 2010
259 1150
312 1708
167 79
483 2431
2246 2237
2632 830
2614 2075
2402 1829
1336 1028
2117 795
2333 1640
2392 2627
558 2590
2222 407
435 1868
1375 1106
242 1967
1308 2008
699 734
2679 2479
1316 356
453 35
1554 1707
2079 1294
976 48
1422 1588
446 2238
1558 895
2409 2402
2499 68
313 181
675 2599
819 1852
1311 2300
1106 706
477 1553
657 1612
769 2660
523 907
2666 133
1427 1919
611 2624
1383 1558
2261 393
1821 1906
846 1678
1468 1281
414 1600
1702 622
1499 2319
2380 1726
1670 1663
2316 1236
1687 1883
606 1169
260 699
25 1670
1930 2184
2075 523
1529 2407
2550 2083
808 1575
1411 1274
2371 100
2669 240
560 1548
186 358
844 788
118 2434
806 202
417 1422
2576 2579
1093 2669
2328 1900
2390 2399
23 856
998 1737
2514 761
1913 2530
421 1782
1859 1783
317 108
1088 668
842 2156
2374 1673
135 1307
975 1241
2449 2323
2592 854
378 1192
1696 337
2495 110
2541 2580
529 797
1738 2196
1011 846
1150 1178
1596 1418
1653 1438
1242 2187
1967 1099
2280 2632
478 2006
747 625
133 635
1932 1628
2645 1031
1837 2423
2083 477
2407 558
696 1299
2303 621
670 2502
575 233
815 878
1566 2437
2317 1838
203 59
1481 860
2385 963
1190 2391
1790 220
2125 2045
1099 639
46 806
1235 1576
451 2171
1393 2217
981 844
572 154
2040 2307
2619 875
2573 1225
2187 1471
2651 1744
2238 2233
2159 863
1293 244
2138 2647
1448 585
1912 2538
828 30
2219 2294
2630 1620
2089 394
990 465
1408 2569
860 2327
1844 1593
1347 317
1600 1287
1908 2
329 1808
424 1580
311 776
2450 2157
1998 1408
217 2662
1890 463
1292 1606
2659 73
2347 1988
2136 1667
1787 2037
1129 39
1799 1208
2101 1703
2000 76
2329 99
2072 260
1850 556
840 971
2055 1062
1717 1517
573 2566
2185 975
297 1038
2311 1033
1232 2198
2459 2066
337 1086
257 1534
585 2200
2216 268
895 1054
1997 438
937 1455
283 1930
1575 2118
782 2076
2037 217
2621 322
2600 1181
868 826
574 1119
788 284
2631 1904
1039 2289
978 2646
2268 164
1889 1719
2171 2415
1534 435
1501 87
1515 770
64 2547
2043 1622
1568 1758
