2393 1354 353823
300 28
38 52
182 30
226 1
167 348
429 151
386 135
226 50
348 339
390 372
106 150
127 119
218 50
474 77
342 253
110 303
99 255
425 115
114 276
59 392
33 146
307 380
312 147
108 108
89 138
55 230
94 465
374 490
293 114
397 411
118 418
425 227
380 23
431 45
359 204
247 359
72 159
54 436
67 113
457 429
9 93
174 240
131 311
448 272
412 415
21 386
173 498
484 130
210 369
417 4
76 340
203 470
347 421
293 1
450 149
49 437
28 282
47 460
152 231
484 78
499 412
306 104
50 137
263 154
276 497
202 15
66 285
20 255
186 110
113 478
38 139
81 257
102 179
175 473
91 421
318 390
398 72
430 135
152 94
174 44
329 246
198 437
238 108
32 320
176 226
84 372
254 473
280 479
212 310
4 459
224 260
417 83
497 84
404 445
307 411
147 421
106 4
350 444
55 459
49 334
10 471
272 234
236 18
328 429
157 419
237 45
66 497
4 80
289 190
207 8
380 413
428 129
102 238
215 127
140 413
315 279
29 195
373 464
214 379
285 4
290 444
483 170
107 338
365 215
77 215
409 37
130 328
12 320
142 399
301 118
446 351
74 223
77 489
408 335
176 328
397 33
402 456
484 344
201 174
431 426
33 34
149 17
40 111
253 439
427 375
488 128
129 310
205 406
475 55
268 376
443 383
434 436
346 235
99 285
255 273
352 238
364 232
127 448
103 337
220 294
5 73
478 446
211 382
80 271
183 344
471 211
205 329
397 210
357 364
184 343
51 250
300 83
100 30
382 56
198 381
402 357
466 215
183 394
432 284
318 89
153 484
458 371
227 362
146 388
465 10
368 233
176 218
436 203
447 372
94 270
487 44
73 4
448 112
48 75
139 445
211 71
275 482
353 169
219 356
384 399
312 276
413 145
450 468
305 308
50 390
107 164
93 87
441 416
172 437
286 126
439 262
173 115
441 278
151 492
259 402
184 359
417 297
341 329
334 282
425 228
397 436
317 407
354 297
246 406
464 474
419 428
39 286
63 186
118 280
357 25
433 99
399 277
105 154
456 179
461 304
445 236
408 253
337 484
1 15
85 482
341 17
228 277
446 416
316 206
18 350
211 210
483 259
163 282
221 296
230 120
428 235
45 11
133 86
159 426
240 233
101 391
211 353
236 304
209 429
148 265
472 325
216 166
215 78
293 166
381 89
320 288
19 470
354 279
107 27
90 431
446 167
428 82
265 18
251 220
146 118
203 63
287 472
415 236
266 103
444 198
354 192
45 466
347 135
189 284
47 204
41 98
321 73
418 448
411 222
304 240
492 440
60 334
25 326
404 477
379 273
372 27
281 346
264 369
307 191
395 316
361 420
288 175
480 265
387 56
158 255
359 338
362 465
392 282
149 224
446 413
77 160
264 323
261 363
111 384
357 465
95 117
154 22
322 333
238 493
29 177
397 451
352 208
126 474
323 15
453 196
160 349
178 418
251 494
369 158
220 263
194 119
32 38
26 15
22 168
338 126
359 414
240 48
60 110
465 11
232 276
457 291
353 359
151 139
268 498
64 161
452 218
112 407
464 47
158 374
364 86
255 317
440 253
414 143
100 61
90 257
492 370
263 417
47 286
199 419
246 337
187 258
198 380
2 295
430 285
148 339
190 470
488 417
275 99
354 347
365 103
136 369
274 3
84 447
140 100
115 94
240 257
18 207
24 379
491 431
318 241
59 430
138 238
250 482
18 54
436 419
256 146
410 88
70 311
234 145
448 51
412 43
383 330
278 315
432 54
347 245
290 213
482 264
202 457
294 484
156 22
465 295
87 365
334 23
268 469
112 26
235 108
452 133
384 28
186 32
356 183
447 384
471 454
429 424
292 208
356 39
269 462
13 13
489 59
4 45
265 224
94 306
452 366
6 284
461 448
446 143
306 288
341 377
299 41
146 382
388 191
183 110
35 255
420 314
337 121
337 218
199 71
313 115
116 465
476 359
395 56
309 138
398 148
466 115
149 396
83 403
408 314
37 404
182 487
423 165
468 229
128 291
447 232
463 245
406 173
224 354
380 339
198 327
216 253
48 16
186 358
287 147
234 29
35 153
478 113
423 11
281 19
488 483
54 125
416 8
399 328
3 202
412 126
58 33
102 201
381 60
65 267
245 329
456 366
352 56
275 438
163 47
254 398
78 263
119 28
228 165
213 448
474 104
403 196
87 437
197 394
341 166
177 261
93 338
373 128
12 436
14 46
119 331
21 102
140 376
391 56
472 59
352 204
468 354
100 336
35 296
52 11
193 243
90 64
347 277
124 350
178 9
478 281
321 204
172 134
84 114
261 384
178 430
130 62
202 256
291 359
349 19
287 423
487 71
419 239
160 43
397 264
184 90
290 411
285 465
348 212
436 242
424 215
117 298
189 383
172 7
390 298
24 315
279 143
380 499
288 336
392 292
111 124
357 46
170 409
360 114
54 376
298 452
207 165
490 54
203 230
231 402
225 30
465 442
407 155
114 189
10 259
170 357
239 232
379 150
132 496
444 441
366 436
405 434
121 248
149 431
228 452
204 117
496 115
106 165
374 398
87 297
67 23
32 458
25 109
161 317
308 416
155 431
325 475
376 387
343 304
422 411
485 400
420 476
427 210
32 217
210 221
161 319
37 44
231 159
77 39
404 312
158 441
454 122
77 84
276 282
105 82
278 436
312 35
402 106
211 176
224 86
463 53
191 432
193 48
264 25
231 404
182 186
402 428
225 177
296 490
467 3
27 381
210 26
101 290
166 487
192 212
15 52
29 54
13 385
119 52
483 54
184 169
308 388
166 349
152 376
434 345
382 263
70 397
333 494
122 171
229 61
110 416
390 462
210 314
355 130
187 466
491 29
18 256
368 399
360 412
237 443
244 120
69 82
7 174
34 368
206 433
192 447
200 412
29 251
470 477
451 485
258 411
487 205
138 407
406 497
356 29
66 313
351 354
101 336
56 315
340 208
199 327
367 371
438 326
398 29
365 350
150 449
421 430
436 355
367 398
278 133
465 449
209 96
365 446
186 17
494 275
211 95
285 288
383 202
1 314
61 327
423 173
236 101
33 441
319 198
219 130
258 18
366 38
277 401
250 76
216 163
198 362
240 47
11 252
158 264
182 429
312 113
401 290
472 224
102 253
80 453
84 47
39 466
162 352
438 389
272 352
178 125
404 241
171 411
436 48
360 412
311 42
344 328
122 262
448 248
445 156
69 256
211 463
73 169
66 450
240 328
459 459
241 388
144 91
158 358
495 430
332 375
138 379
367 290
224 376
407 426
389 425
188 282
149 148
386 350
205 253
68 318
309 132
198 331
28 120
246 147
174 433
398 83
21 49
194 102
373 179
220 318
169 312
209 75
105 192
325 56
28 346
406 348
374 234
169 241
80 189
441 236
322 72
91 40
323 353
428 292
227 346
50 84
96 433
397 8
369 96
491 464
337 51
495 271
378 308
426 439
203 28
111 173
274 332
78 159
208 85
173 289
163 486
137 498
109 320
437 455
278 220
10 105
212 372
124 18
469 265
233 61
324 300
249 202
176 383
266 451
220 390
242 470
176 330
151 399
331 157
460 269
352 103
464 82
82 199
112 483
422 209
193 271
371 201
72 292
249 172
193 64
338 462
244 411
210 409
320 332
131 139
475 32
351 65
278 372
461 43
68 220
266 26
23 294
64 249
235 82
15 30
299 79
401 4
487 1
442 295
205 485
491 146
57 403
28 463
371 234
433 53
248 332
287 468
9 251
399 137
463 348
443 278
346 144
241 494
285 314
369 38
209 163
206 213
269 167
407 98
23 5
463 428
30 368
402 326
11 483
498 151
405 380
164 257
478 46
452 340
254 163
467 74
486 317
170 304
426 195
46 19
265 428
153 46
264 275
406 445
164 208
228 108
60 197
469 223
457 354
285 406
22 299
433 324
80 89
404 449
272 240
223 253
306 155
108 31
483 331
23 23
437 449
87 357
382 445
353 177
249 194
105 69
410 42
102 278
75 77
282 337
352 34
252 437
208 96
270 135
237 133
211 32
163 34
99 315
196 185
264 188
295 98
286 5
203 45
260 244
117 134
112 337
456 55
368 89
234 275
358 239
250 400
352 279
474 313
25 169
215 5
103 477
150 53
390 360
231 368
89 259
444 134
110 365
402 218
327 496
398 472
159 189
320 414
440 105
338 56
38 233
16 270
82 118
22 104
314 132
67 54
225 456
141 61
8 337
11 36
394 297
313 259
434 421
59 168
139 415
246 105
56 64
133 5
123 481
56 401
244 378
489 143
268 448
177 335
252 337
411 85
382 324
15 3
327 428
497 210
117 78
398 412
131 207
121 274
251 338
81 268
30 416
429 205
428 329
465 91
289 206
453 117
212 190
496 34
413 72
168 181
257 191
493 235
60 251
372 387
14 166
337 154
46 280
68 40
347 82
257 400
386 272
396 30
350 131
61 123
36 389
148 248
4 269
207 486
115 454
150 143
270 382
284 363
438 176
458 336
473 452
380 215
305 224
180 459
210 269
46 153
102 493
491 177
240 367
499 102
201 283
16 291
361 486
488 196
428 48
10 401
103 189
101 144
426 355
254 59
418 277
2 333
496 201
364 405
45 274
494 230
219 479
370 442
170 419
304 317
499 384
303 142
144 456
353 42
497 73
304 469
115 469
300 212
42 378
308 67
218 470
299 319
120 107
8 389
43 261
71 430
168 290
58 478
31 139
172 242
158 499
353 353
99 89
183 193
173 128
225 477
14 375
43 83
19 399
83 421
262 193
308 197
470 361
262 173
272 59
339 356
362 297
205 164
392 88
170 44
15 35
411 292
166 170
420 489
308 204
490 405
457 33
281 372
293 367
200 499
353 259
197 473
318 463
130 277
317 477
190 407
286 474
399 249
37 110
233 129
185 113
171 456
91 106
58 185
411 186
222 136
399 197
260 382
447 436
491 472
227 15
316 437
356 68
454 342
243 190
240 103
273 248
126 449
1 83
350 403
118 486
144 222
182 252
120 188
230 452
114 51
82 277
454 321
82 315
200 232
283 329
33 187
10 415
437 54
376 196
162 98
350 285
386 431
206 77
233 446
379 2
413 20
211 364
24 184
120 303
206 419
180 308
284 184
361 387
482 446
431 426
406 336
315 11
4 153
235 333
441 270
312 425
473 486
267 325
356 264
213 113
251 223
249 235
47 466
459 420
159 350
393 329
197 382
441 135
242 388
14 281
116 168
478 481
90 430
415 438
435 79
74 438
160 150
246 66
450 126
224 126
176 133
384 264
131 142
238 258
483 231
101 342
488 263
415 393
8 493
484 301
82 295
384 439
111 76
498 105
407 379
252 461
182 487
54 248
283 152
9 471
498 458
449 377
239 339
387 494
12 221
205 45
492 130
311 122
359 470
251 330
201 321
342 145
211 309
213 77
287 485
350 70
201 121
377 307
235 100
292 292
54 433
365 449
100 340
352 410
220 429
457 494
74 375
58 351
401 446
183 205
313 228
194 401
16 469
156 451
318 480
185 26
155 250
147 168
136 167
323 335
16 37
221 320
13 126
48 205
77 132
479 246
198 75
84 89
18 224
444 210
484 166
281 323
209 497
458 438
207 470
473 183
214 142
374 210
327 134
80 174
45 276
200 73
314 21
410 346
84 393
26 235
494 14
311 346
162 357
363 439
198 419
1 107
169 143
423 426
452 190
220 19
6 40
281 69
460 413
323 191
419 162
162 408
164 389
367 9
401 393
4 386
151 441
344 354
189 104
85 227
118 133
307 82
139 61
244 6
249 358
275 337
7 199
105 258
343 272
258 197
251 146
174 302
212 325
395 114
177 351
438 186
311 38
368 375
169 159
286 146
50 36
206 272
288 114
185 45
67 271
17 268
122 34
292 187
209 411
358 61
212 53
442 497
352 29
321 434
421 16
230 372
272 350
424 432
373 165
101 218
295 113
297 3
137 447
236 98
184 7
41 24
214 127
334 145
444 276
54 103
71 50
258 493
439 121
373 158
279 293
398 416
139 466
302 301
264 82
459 34
427 114
184 325
208 24
101 43
339 497
440 334
209 247
22 126
189 241
268 472
121 317
210 136
88 166
203 446
455 423
50 450
419 310
434 205
109 212
257 218
211 254
286 260
477 449
477 473
395 368
183 56
300 379
185 147
192 406
244 398
321 199
302 391
45 438
43 34
158 175
225 455
239 200
421 72
414 417
18 209
462 194
308 121
206 287
128 340
316 308
71 18
444 456
321 65
464 340
213 160
175 70
474 139
287 25
171 125
384 1
292 347
329 29
69 164
262 261
189 16
161 122
201 70
198 168
189 211
233 19
74 7
174 161
271 124
137 423
389 184
423 281
148 257
368 446
250 266
396 200
132 21
93 476
160 165
56 338
117 356
270 206
168 360
246 373
288 153
380 109
246 63
98 446
403 36
69 415
8 330
166 463
111 240
354 479
165 357
333 83
100 188
234 325
357 411
477 348
199 73
35 23
382 264
197 23
480 71
20 479
68 225
95 427
381 451
239 306
415 295
491 14
309 332
490 77
475 10
292 15
7 280
314 336
248 59
116 327
137 290
295 488
123 81
328 43
109 323
464 192
276 33
86 130
19 75
447 46
62 239
132 136
388 31
318 320
135 211
418 307
295 213
321 162
441 328
348 153
441 185
233 385
185 464
149 265
111 349
40 212
429 329
344 224
424 90
446 460
143 319
475 307
118 465
81 382
17 62
8 159
386 206
453 170
360 93
323 268
45 196
498 330
92 338
135 367
470 420
63 396
86 367
307 209
376 469
397 158
107 287
156 304
257 391
86 449
413 221
470 26
218 372
399 205
246 227
213 179
333 358
457 276
259 292
298 219
414 104
253 449
305 346
288 276
221 125
66 491
428 449
191 184
62 252
171 486
402 236
353 321
317 12
479 184
208 191
209 123
135 155
156 100
258 495
303 80
410 469
88 309
44 472
301 124
395 453
93 336
52 333
356 339
46 57
476 76
209 382
475 457
414 293
351 335
257 435
493 162
327 250
234 305
205 435
375 395
93 99
127 127
267 455
67 427
17 483
450 102
436 281
234 337
92 176
257 245
454 238
284 191
272 215
182 219
435 121
295 250
380 55
315 365
305 97
375 61
72 136
115 252
132 30
280 205
432 294
376 178
154 155
219 237
365 406
30 139
161 349
82 409
29 351
129 260
421 419
274 299
137 245
196 184
9 347
177 445
242 249
426 220
155 421
12 383
487 472
76 350
191 304
422 363
52 84
271 241
273 280
196 6
475 390
109 198
466 104
162 202
277 170
206 452
376 462
239 406
87 218
79 126
13 156
262 67
413 435
301 208
186 272
490 135
287 450
429 439
166 281
2 415
39 89
425 193
442 215
314 486
328 194
168 316
297 389
74 12
108 395
166 133
203 144
82 321
445 257
343 191
337 89
345 27
234 325
249 279
302 143
413 362
455 81
23 304
56 88
304 68
368 351
218 72
406 81
385 427
290 137
187 141
130 33
48 477
370 445
42 2
166 397
67 168
415 293
353 20
379 134
348 191
66 490
58 426
259 190
266 413
374 250
220 15
225 407
177 92
407 317
269 142
120 162
248 387
161 139
308 303
488 41
396 395
407 459
327 243
392 211
441 278
119 68
448 487
493 140
392 77
194 181
475 354
212 489
185 483
88 191
465 433
22 272
190 49
433 64
209 96
231 334
7 139
488 389
446 240
339 490
169 338
478 138
267 128
439 78
207 260
207 17
416 189
487 156
430 247
10 124
333 4
379 349
252 305
37 346
138 213
10 296
368 91
114 304
46 137
347 344
216 264
367 287
300 232
165 199
223 291
93 196
84 284
327 466
316 390
495 133
206 316
243 102
283 187
324 119
381 158
215 394
14 291
102 277
157 391
253 314
146 173
44 342
416 349
145 410
466 113
21 78
103 375
26 135
77 178
121 86
26 28
192 31
360 217
258 64
83 475
164 67
429 55
264 204
347 256
143 299
492 307
311 62
67 338
180 254
432 138
197 417
330 163
244 132
162 246
286 207
350 470
311 239
197 417
434 188
238 296
330 369
431 105
489 257
406 465
487 229
332 278
254 16
457 119
493 470
286 399
419 147
169 469
424 323
465 199
458 271
455 214
133 161
63 268
301 115
313 135
484 277
312 454
396 118
151 484
176 496
62 209
371 370
456 152
439 173
207 333
198 397
277 321
410 24
307 256
307 64
386 349
352 12
23 156
292 223
271 320
360 114
219 145
422 382
153 397
333 96
256 422
306 282
205 112
445 426
139 151
76 480
371 75
106 297
254 266
290 81
430 124
348 133
374 495
350 71
493 255
168 432
455 407
46 60
109 60
337 362
394 72
262 4
409 203
297 94
72 497
69 473
256 456
176 79
262 129
249 170
1 202
216 177
131 345
412 105
310 426
333 162
30 281
173 286
211 177
54 55
71 54
402 8
351 341
325 98
135 86
225 194
4 58
72 111
247 167
77 360
351 80
320 349
54 92
336 206
414 25
469 86
456 255
470 179
142 224
5 241
405 389
90 1
160 275
415 326
459 316
219 247
255 273
385 338
62 147
379 53
479 71
496 248
131 445
10 392
482 16
365 111
389 184
294 81
35 307
456 386
276 82
73 20
323 203
66 495
395 158
34 264
429 255
331 88
450 242
44 469
12 116
328 253
183 338
428 489
240 355
354 460
354 407
196 415
450 278
416 393
212 421
177 281
4 183
72 239
322 310
479 203
271 130
496 67
331 261
305 81
486 33
349 31
359 413
109 181
454 326
152 294
130 27
197 443
214 411
99 167
217 396
449 26
127 455
369 240
398 375
181 325
256 210
54 36
363 132
130 13
414 198
422 244
491 142
409 369
282 114
1 391
394 95
99 144
359 20
130 257
398 407
67 236
190 333
362 437
128 261
400 358
107 481
135 403
181 190
59 269
491 155
288 299
241 170
18 240
235 230
73 440
447 429
213 68
297 470
170 89
165 250
255 423
109 454
235 258
478 164
429 161
200 60
431 162
82 208
334 229
157 409
387 115
358 46
156 405
373 100
242 477
263 341
260 457
3 78
44 224
141 387
159 75
23 145
112 195
278 485
62 431
433 405
483 267
234 242
369 277
310 391
183 206
495 377
84 427
302 356
12 184
145 486
246 14
124 34
489 220
306 76
267 350
125 459
186 308
488 158
136 383
486 142
216 244
248 417
371 1
483 82
250 253
84 78
157 212
1 50
260 329
350 9
206 153
288 273
312 242
204 452
130 255
285 452
409 291
491 369
369 36
497 139
491 262
357 224
33 36
116 153
436 473
142 387
453 40
274 17
190 217
8 174
490 402
193 9
342 401
163 495
102 459
223 162
407 445
371 108
52 213
193 198
24 70
148 6
89 159
327 320
187 329
487 309
222 67
461 111
149 350
439 196
208 194
102 98
415 194
107 216
397 350
189 262
112 385
130 342
31 91
68 46
130 195
6 390
190 381
293 286
460 325
397 208
23 167
452 438
409 171
471 20
50 72
342 237
268 150
441 151
219 68
48 73
119 314
320 425
94 132
136 411
289 173
219 371
152 118
273 265
293 123
76 324
68 431
312 407
449 23
492 94
165 340
20 107
167 219
422 466
425 447
447 14
107 479
290 175
452 251
248 334
172 409
246 225
327 140
182 303
98 47
407 190
335 122
98 362
277 249
394 303
67 88
213 432
135 221
64 32
443 369
246 227
466 358
26 235
41 362
173 77
342 84
166 425
323 317
459 415
134 326
117 187
465 23
28 427
314 392
127 171
79 281
56 314
177 189
420 287
61 231
442 484
126 492
224 332
194 342
53 83
316 296
494 2
231 6
298 145
210 169
363 483
452 227
64 216
294 291
494 274
363 378
218 33
470 483
350 36
110 267
11 263
412 202
426 309
208 321
129 392
402 459
106 213
422 29
445 466
356 430
128 12
329 476
280 199
10 212
6 71
384 329
268 274
366 267
250 362
8 278
392 145
157 8
174 450
82 205
436 150
170 420
102 229
212 436
329 331
1 435
146 54
423 422
415 175
380 307
183 120
214 8
298 458
226 85
163 308
35 314
300 343
284 306
314 66
11 493
415 157
14 190
55 168
467 288
240 82
56 315
51 450
187 23
338 471
255 82
86 104
383 282
410 246
312 16
196 453
163 492
39 3
305 106
240 264
188 56
410 68
5 203
1 156
89 403
197 337
419 27
94 338
358 245
326 4
100 13
87 123
255 381
331 245
285 334
237 224
314 450
231 299
409 321
24 266
144 254
383 301
497 49
236 357
300 180
108 9
421 110
437 152
73 94
409 114
233 301
385 451
311 366
376 155
180 452
14 482
210 137
236 304
334 58
60 232
238 239
99 451
298 50
261 386
343 198
197 118
40 219
438 219
110 414
191 95
112 106
182 360
282 260
156 62
409 58
13 28
36 346
172 179
388 81
470 173
457 337
306 407
140 385
226 417
218 240
51 259
488 230
464 361
349 129
3 152
139 56
71 37
362 211
211 71
100 195
55 162
48 387
368 399
232 365
20 361
264 297
238 329
53 80
133 188
461 365
494 137
413 113
372 384
382 162
356 8
230 247
59 47
287 91
93 498
457 419
172 58
417 249
288 332
312 153
56 393
368 60
159 493
65 389
229 183
348 28
95 146
198 252
244 388
130 209
127 454
392 483
183 27
340 486
314 234
408 368
308 491
271 243
316 26
410 42
404 18
450 10
118 461
418 293
315 450
174 315
350 462
83 268
281 470
140 155
168 317
189 294
201 439
172 831
428 724
1046 99
33 2154
1277 1531
628 1712
1485 491
1559 925
598 889
1075 1068
373 1954
1530 136
176 1076
2384 137
2334 484
1004 1787
354 206
240 1361
1091 1767
1687 112
1308 1008
841 64
679 1313
798 1457
385 1369
493 1316
1061 756
32 1206
1240 207
1231 646
1018 1427
1398 1777
626 2247
826 640
2238 926
2387 909
149 1317
1015 529
2356 938
1644 833
1316 1468
1976 1282
1364 691
29 2371
1518 432
1127 240
43 257
1867 992
2145 1650
1350 2230
1802 1030
1833 2320
1165 1221
2178 954
775 773
1912 2275
1435 1806
187 2136
721 313
1331 1973
1570 1095
1642 1289
823 2016
958 1082
1137 2079
431 251
2292 538
1924 1936
425 1968
1312 348
1966 825
146 1870
2240 1163
641 1198
1101 66
1469 132
1149 1284
201 426
2116 981
186 360
915 872
1040 976
1310 174
1684 1358
905 2021
372 639
1824 583
857 675
2324 1494
766 508
194 2058
1873 41
882 1420
647 2357
48 316
2304 767
558 1927
1094 1245
1624 151
302 1500
279 1046
1956 1855
261 571
1576 324
1994 16
1725 1715
1580 454
1191 2086
814 1146
2030 1594
2232 434
2080 560
522 1181
1868 549
291 379
667 1463
222 103
806 822
996 725
1081 755
2081 617
417 260
409 197
2158 1189
2216 139
300 1981
400 2295
1228 2080
913 368
1613 952
1718 564
941 523
2210 580
315 1726
920 1592
914 294
686 719
678 1814
1390 606
1982 629
2266 729
477 1627
711 357
1282 178
388 1543
2120 2369
1892 1336
2182 1557
2133 818
2313 739
63 567
1148 1453
1557 1175
1594 621
88 794
1343 110
1492 448
2209 1443
1176 1124
655 1698
683 774
889 2313
532 743
1627 1629
1779 728
1952 927
776 2187
1883 661
1657 1511
1760 1373
2329 1109
1446 668
1602 381
2115 1637
2100 1916
674 1596
803 832
1691 2134
1592 263
856 2095
620 117
1217 10
1711 1982
713 2056
1755 1729
1049 485
115 847
2051 1556
1400 870
362 674
2077 1174
2037 2339
376 1299
750 1567
553 1690
1896 633
263 653
325 1553
100 1160
669 1859
1177 39
822 1393
1284 1015
320 1003
1832 1350
1225 948
318 2135
944 1782
410 811
1634 2053
340 908
114 1708
971 157
2127 1277
62 1535
1806 1115
903 1480
2174 163
360 477
1533 1851
1690 764
1333 532
251 2145
1232 164
1317 91
1945 1136
742 535
556 699
75 1025
2347 135
414 355
357 1433
1737 1758
1861 19
1452 1484
1461 1541
2251 2055
1501 361
442 2120
2079 242
2269 2319
124 92
697 473
1057 809
1668 1401
2155 2171
284 276
2086 1400
250 667
1224 198
1410 124
1989 2179
50 435
1798 1423
2128 706
335 1507
398 718
1437 121
842 18
1865 1428
1178 2122
743 2163
1852 1051
1003 2204
69 1792
494 1668
1978 903
664 1084
1878 679
2386 2266
969 620
391 1683
1951 2110
1470 1087
309 105
333 201
1042 1191
324 2285
1705 1816
1372 1203
994 17
358 444
884 1330
276 1705
989 2158
364 50
110 1648
788 2346
1588 1602
447 1118
1211 1674
85 289
1620 1616
473 905
467 1915
1219 2196
1146 1519
1915 730
2321 202
1037 1070
197 340
2069 551
365 1639
1738 1185
299 1797
1000 1514
163 2209
1567 960
935 855
980 550
2193 645
1818 1243
855 54
2330 1770
478 1333
930 1732
2012 513
1686 1416
1671 222
275 2174
972 1743
2315 1192
1001 1308
158 43
2087 1172
536 2030
881 386
401 2375
1082 2207
1525 963
845 1897
1604 1815
783 2201
255 940
2063 835
1160 886
1448 1580
1447 958
2053 817
232 1398
1377 1584
1070 1337
2308 1023
867 1993
1403 2354
2066 1709
2062 158
1399 2159
214 2094
640 476
824 2062
596 1385
1596 2090
835 2172
1746 394
1192 292
2172 1804
1005 2379
1655 1700
160 920
1111 972
1835 623
900 1635
1353 1893
1161 1924
1294 2206
1906 733
1288 364
542 1035
2306 1838
66 2127
943 2287
2337 296
2246 1775
799 788
2281 2087
671 1081
960 1148
963 1315
1456 48
2071 1774
1354 1896
2036 370
2204 766
734 100
581 1785
196 1335
2345 1533
934 894
606 2140
316 1692
2354 1858
725 188
1540 2102
1699 1593
1743 1075
2265 2
1494 594
520 857
1796 944
1481 1265
183 148
594 654
2278 2114
529 1394
64 2178
2287 906
112 824
2346 723
435 1644
954 2249
2366 330
2227 1926
289 1193
2170 1288
699 2188
531 512
1290 420
1475 32
518 763
1673 356
1243 1943
1045 262
2136 1906
363 738
872 1114
213 1281
1349 596
1457 2024
99 34
768 846
1535 917
1870 1634
1696 1473
1134 531
1910 405
718 798
2203 225
1313 683
1519 1014
2316 1952
831 1104
879 27
381 799
406 403
1792 1679
1427 1127
2048 77
1117 1853
1991 1342
592 1312
2 637
1335 600
1703 656
1295 1530
105 1647
1789 934
2206 2367
436 1217
209 914
2006 2211
1086 398
193 1796
953 577
1214 147
1194 1956
1911 810
1809 1841
1033 575
1107 2298
1453 1911
977 1026
1416 1892
1661 784
992 2071
540 1273
574 1910
729 88
875 2318
2358 1307
869 1486
846 1992
508 354
1938 230
840 740
1051 1200
1008 1682
1971 1869
1151 922
1198 1492
476 1536
656 33
2360 790
772 1403
790 214
1927 1449
1404 2334
1093 1354
434 321
991 2100
181 1183
2196 388
179 2330
394 823
1035 2377
1212 317
724 1209
484 900
1030 1447
452 2088
756 1672
1102 1364
2189 80
1962 372
375 897
1480 1005
2152 1415
65 1406
1369 1889
2179 119
2373 1176
1408 466
453 1000
645 1825
231 879
501 1642
1793 2059
947 181
1424 42
202 1495
1206 2195
1651 186
523 326
691 102
485 1836
314 692
1108 953
15 2311
2335 219
2016 971
1112 489
242 1807
880 1437
1858 1890
2369 685
629 1978
430 2358
744 1864
448 2227
2201 669
1864 115
1553 602
1583 1372
1136 2232
1196 1651
1238 587
1180 2307
429 1840
648 1939
348 2091
1181 1483
2151 678
2059 980
1871 1839
1658 2215
1385 1224
2293 1962
974 2151
577 1994
1508 428
1144 1018
654 2115
1685 1691
1758 72
670 787
1902 2092
1941 536
1175 768
1841 1338
2326 520
1374 1408
41 1703
457 703
2160 912
615 1768
2371 475
1022 607
727 1590
908 1086
1897 698
2285 146
893 447
303 252
1821 1885
92 1056
1839 836
2237 2257
2248 1696
1719 2182
984 888
1768 15
1679 1873
975 915
602 478
2161 1570
2126 482
687 1108
1851 365
1813 320
1934 480
922 2351
182 648
1443 1112
739 1641
482 1201
2230 1049
1185 2331
1358 2267
282 717
349 891
631 7
1373 762
2393 1521
701 1604
1483 1474
1303 1515
1926 2180
11 860
1210 1649
1545 1366
2165 2013
1536 1951
547 1116
443 1057
1484 1671
312 611
1190 961
137 362
1729 2116
2065 507
2107 149
2294 183
939 2099
1538 1622
2338 933
206 994
623 358
480 671
1949 1812
1084 1031
1133 1874
1601 21
1059 2281
369 547
54 641
1672 778
936 2293
356 213
1056 1704
1589 626
1420 173
40 2197
2002 11
952 662
1859 540
1234 1074
1622 406
156 1646
1163 1588
313 2294
1787 589
1421 1362
755 1871
955 1843
2295 1695
600 2131
589 2356
552 1295
2195 875
1827 1194
1174 483
653 943
204 1212
74 1155
77 1563
2273 2386
605 1027
1025 628
948 1620
2049 1445
764 57
1552 1802
2024 1966
1068 2066
392 128
252 1161
2114 414
42 996
925 298
2348 430
1154 1169
1939 2036
219 2221
1563 2335
2320 2176
1916 2248
321 1754
2171 436
1788 877
945 1259
293 1478
1393 61
550 2269
128 187
2110 1582
2331 1676
752 1067
1574 1738
705 236
1524 2002
696 1232
1381 1111
735 1024
140 2245
2105 1793
1434 40
902 734
810 2191
1276 2081
2004 542
2297 705
1936 1033
1363 1552
1183 1710
1785 392
1428 663
1100 2203
1261 1231
675 70
938 1390
2223 1818
278 74
617 152
2289 1197
860 1809
537 318
107 1240
1630 224
784 2305
30 172
164 1334
906 690
817 2152
888 1725
1514 1083
489 2069
2211 467
1414 969
1423 1137
554 1079
150 1102
361 1066
144 1655
1227 1776
1468 1632
1695 1625
1044 312
578 498
2186 1410
616 2251
1981 1343
1709 391
1193 1539
121 1564
2328 2001
113 2210
1780 1187
1585 1367
241 1576
377 156
95 882
1968 1323
1637 443
1767 686
262 1845
1694 930
2202 2004
1726 1995
57 1324
695 1234
1490 1144
370 1661
1527 2308
117 1755
191 1501
887 721
1273 1042
1543 160
111 984
2163 345
2094 664
1751 2364
1500 2316
18 1560
1200 387
583 451
173 1991
1825 2328
1974 2327
1076 1204
1265 1832
1665 2049
237 1899
350 140
2146 2012
2364 2076
178 375
379 1566
1820 1605
330 775
266 2240
1124 610
1734 936
2231 1731
1544 2366
1361 854
981 380
147 29
1315 935
1132 1532
2061 2190
1131 255
1406 856
692 1205
1609 179
2300 1865
1324 2365
1319 1363
1116 566
2187 62
70 1601
1776 2161
170 2338
1548 335
1599 442
543 647
2339 401
1614 989
1973 2008
2318 1304
530 275
2180 1276
1731 2105
1487 1261
894 1476
2283 2065
1874 2252
2025 605
2168 2246
1539 2208
698 303
966 581
672 1783
2154 945
2357 150
637 655
2026 1421
1676 1353
21 1154
1721 2193
1242 2165
132 758
1367 486
1647 1117
1943 1177
1208 2048
475 1228
1531 309
454 1630
96 931
2259 143
8 258
2060 2393
507 2025
1169 410
2359 974
1560 518
1023 1303
1641 1294
2208 2265
353 1012
1026 837
2267 558
1893 1498
1704 1734
704 1970
668 1374
774 2340
763 2304
355 1061
1440 1490
2245 598
34 266
1336 2077
225 502
1024 2192
1698 204
2009 921
386 2300
2021 902
2047 37
2377 2273
1964 1256
1089 1290
1904 1470
681 1301
850 803
912 113
1366 1052
1259 1469
7 1434
2262 247
1845 2274
2363 82
1260 69
1995 2047
2257 107
198 1399
1209 869
513 2259
1692 299
1189 806
1337 1617
1495 727
148 232
940 293
2298 1248
1970 129
1648 1404
2340 588
854 1945
180 1461
368 1502
2083 783
2055 2237
649 2347
1605 400
2261 1485
1445 2289
2327 1376
229 1022
1774 828
1566 1545
865 170
1885 1599
646 2223
2072 1487
927 229
909 1456
451 1904
1289 1525
607 30
1815 884
1571 2373
1502 966
1155 94
2176 1210
1172 735
2121 843
2088 385
2191 1912
2150 65
380 1100
103 1585
2027 522
560 1907
483 180
19 1219
2090 700
1674 1976
2092 850
1812 1902
2098 2315
1840 1060
2319 322
174 1548
665 457
2249 1699
1712 711
1162 1719
298 95
1713 631
16 1190
39 1424
1649 1508
957 282
1248 552
1639 1162
486 300
413 1684
418 1199
2389 2233
345 350
188 1542
1804 1004
1843 1540
2131 85
1413 1180
694 1414
1332 2167
1582 880
1063 2363
230 957
951 2037
731 537
688 1327
566 196
1395 1914
502 1131
1327 415
1307 349
46 2083
1085 1730
886 250
403 2216
1617 353
1783 1527
758 2360
2032 1381
662 814
1197 376
1283 144
56 1348
1066 1609
432 2060
2365 556
236 2128
257 616
612 109
500 887
326 695
1083 771
663 452
1074 710
818 1149
710 1207
1590 1780
2056 962
67 1440
847 191
535 688
1409 744
762 1788
10 1045
82 696
1855 893
317 1878
157 797
426 284
767 1325
200 820
207 35
294 939
575 1167
139 1652
1652 63
1507 951
1814 1395
1323 456
2280 1613
859 713
685 227
469 429
514 221
1356 1687
1521 801
2076 578
256 1038
1700 2170
1474 840
1012 2155
322 1105
1067 1751
1299 615
1946 2133
690 1989
825 2238
917 2072
2008 241
1532 2306
1635 1134
1348 2229
820 1524
730 1356
719 291
2351 1128
1031 776
1935 75
474 1143
2307 111
311 2262
964 2345
491 1583
37 2007
1811 1435
838 194
2164 1178
2229 991
1478 1322
152 841
898 955
1368 1452
2375 86
1775 1589
2221 331
564 363
498 2321
2190 2051
1923 1409
20 1242
1646 975
2311 657
387 1686
2020 1694
1064 1165
2167 1861
1038 1614
1362 1001
1334 1711
1732 1349
1807 881
565 56
1095 2063
1281 1101
2197 1574
227 1833
2305 1974
1338 500
260 1934
2135 2348
1325 377
1079 2280
738 1044
571 1110
2200 838
1777 369
2102 612
794 1151
466 1208
1836 649
2215 1475
1486 1196
1199 2329
1359 2261
1394 1718
931 1064
833 1571
1205 1811
1104 237
1992 2297
27 1937
102 1168
787 1941
444 750
891 1835
1263 1260
1301 1979
1401 1824
1914 2337
1979 752
2122 1868
104 1827
836 964
1889 200
976 1721
94 1214
1723 176
1105 1319
1853 1665
1593 871
580 1657
1207 2384
1629 1610
2007 494
1128 2027
919 2032
1683 277
1498 1852
277 1946
870 1760
843 205
1110 553
1625 1263
1376 209
801 504
2252 2146
441 311
1328 2189
706 1544
1322 2061
1632 1091
35 2292
2013 1133
797 2326
1899 231
1708 1132
2001 314
331 1283
1541 977
832 1673
1473 2098
1710 1821
151 772
2192 851
728 1518
700 1938
1754 2020
1204 2359
1797 530
633 104
1619 2164
588 1211
778 913
1770 2389
1014 1040
1616 1619
405 1085
733 1935
2139 1685
851 543
1476 1059
1143 1093
657 2121
205 1813
1109 2006
1907 425
91 842
1957 1331
723 1538
1449 108
1890 731
837 474
17 333
2379 1225
1730 20
811 2126
809 2139
921 1713
587 867
1256 1089
863 742
1937 1746
72 325
415 1957
80 417
296 1227
1088 413
1168 469
1201 1949
2332 1820
871 421
258 279
1330 2150
1386 441
1166 1377
1838 1328
420 859
1876 256
421 1310
2159 2186
504 1063
1221 947
2352 863
2247 2160
86 2107
129 554
610 681
1115 1464
1584 1723
2099 302
1433 672
1993 1867
2274 96
549 697
1203 1964
247 592
135 2026
1114 1088
773 1413
224 2387
1682 1166
1556 1037
109 2324
639 694
61 1883
771 2202
538 670
897 453
1715 826
1167 1238
962 418
1060 865
1118 1658
1782 2352
1954 2278
108 704
611 1094
1515 1798
661 182
621 1386
1415 114
1564 261
136 919
1511 665
1542 501
2233 1368
1087 2283
2058 315
1463 1446
961 2332
292 2200
1304 1737
512 565
2367 514
877 574
933 1448
2140 46
740 1481
717 845
2188 1359
221 409
1650 941
828 2231
1245 701
2275 1332
456 431
703 493
1856 67
2207 2009
1610 1107
551 1876
567 373
2134 1559
1464 1624
1187 1789
119 193
926 1971
2095 687
1816 898
1027 1856
1342 2168
1869 1779
143 1923
2091 278
