1313 126 106275
119 242
103 79
52 246
189 67
225 251
51 306
327 236
137 433
160 275
295 304
316 300
191 248
246 364
337 282
238 256
415 250
493 408
232 130
423 415
311 401
246 238
395 246
283 130
132 424
408 76
329 199
412 63
301 371
453 248
96 475
56 3
313 53
59 109
56 93
79 45
391 445
180 271
101 318
325 338
45 188
427 143
98 247
269 43
188 114
393 376
481 424
217 339
366 433
401 216
3 274
112 320
415 169
183 64
160 155
122 267
83 123
87 215
284 489
464 205
137 233
20 482
438 314
288 340
424 4
299 25
10 70
57 123
67 85
144 26
166 485
58 333
244 151
231 399
101 101
361 18
227 169
338 353
315 19
303 261
469 72
258 477
91 350
423 373
441 222
280 149
386 166
95 168
67 489
228 118
427 201
30 337
405 235
186 318
499 426
150 170
54 286
380 411
338 318
470 219
65 359
198 320
315 327
363 116
416 429
317 341
22 218
11 272
215 320
346 327
195 277
276 454
347 30
186 431
248 83
19 495
102 137
16 338
310 461
444 314
225 185
111 327
4 77
40 210
64 51
3 128
337 252
148 488
476 224
17 72
14 280
49 51
444 21
437 494
70 79
427 284
149 324
276 312
77 250
332 216
324 69
470 304
44 28
332 253
183 372
327 274
428 222
208 225
200 442
254 45
137 324
215 129
473 192
390 22
418 442
466 116
61 60
165 345
238 360
477 254
374 104
197 244
483 225
332 91
147 129
86 428
401 382
269 155
481 364
389 312
444 269
117 352
97 250
301 86
475 31
298 430
27 27
329 395
298 123
48 198
97 389
186 337
393 157
487 364
374 201
165 92
44 335
454 162
459 465
62 49
433 416
213 118
18 372
260 484
360 498
167 248
351 45
313 143
472 62
387 54
229 244
423 288
483 330
463 17
466 417
129 185
330 215
2 186
350 469
30 492
426 297
111 198
380 305
287 316
388 395
439 57
282 467
265 372
36 492
409 341
302 4
453 411
378 6
453 479
377 126
105 177
129 91
393 422
299 227
350 426
15 307
178 13
44 272
383 284
351 421
60 149
360 159
227 348
382 474
316 67
406 249
261 117
456 236
360 158
115 319
134 309
51 281
423 67
438 473
425 397
296 442
39 266
382 282
488 153
93 275
342 154
81 173
310 5
123 387
389 337
266 257
204 14
110 92
420 124
20 225
233 270
337 246
399 379
459 61
256 88
329 49
469 43
145 475
297 422
185 337
181 105
71 142
440 359
238 467
322 322
467 483
78 428
16 279
238 200
32 284
481 78
376 93
90 378
7 454
46 495
64 479
349 10
289 307
355 282
450 28
40 206
479 433
213 377
149 108
224 138
426 67
318 299
217 243
360 140
283 251
273 99
317 7
291 331
201 312
147 439
171 397
89 43
413 337
405 211
119 404
448 358
321 13
254 201
26 415
390 144
86 348
32 186
323 489
418 51
467 243
166 338
359 112
59 31
499 429
491 37
449 100
256 142
436 298
380 226
25 180
493 323
38 430
152 218
425 79
103 360
206 314
146 128
160 397
299 290
116 464
450 217
430 413
75 297
42 64
484 137
43 226
267 162
451 473
28 40
451 311
387 208
224 484
179 97
321 498
376 182
42 108
25 402
240 255
407 163
33 120
88 140
84 56
80 196
477 469
430 487
210 431
212 326
334 470
265 43
481 8
20 201
47 292
18 146
363 51
47 463
215 19
299 356
499 114
114 420
123 184
7 267
465 324
458 115
43 479
353 14
450 446
118 363
10 285
267 382
212 75
134 426
27 447
492 286
219 304
59 175
202 125
150 141
130 457
256 224
238 43
30 405
228 143
471 274
78 245
342 175
343 185
116 335
372 492
289 421
155 470
307 399
68 197
358 233
66 258
168 177
254 362
123 362
256 438
332 189
226 399
8 39
156 244
483 381
35 68
10 302
470 421
330 121
3 170
53 155
486 415
406 239
306 267
163 311
491 11
84 491
431 337
493 129
65 354
54 436
6 428
16 463
27 333
239 266
271 473
425 338
427 103
106 30
411 91
358 246
133 479
198 161
433 467
34 226
312 74
485 325
234 414
281 136
114 130
416 327
48 60
31 382
157 84
496 364
225 394
16 443
478 395
203 145
467 21
250 363
367 151
134 224
198 360
96 175
446 18
1 293
440 436
43 292
129 216
238 256
415 17
331 116
235 476
63 48
336 385
28 337
140 370
221 291
203 353
106 184
360 85
364 227
3 493
264 127
474 205
215 393
360 221
90 199
97 179
83 72
266 347
410 322
265 265
172 461
244 71
346 237
438 476
85 468
452 287
169 294
423 301
146 170
415 30
179 216
365 79
258 223
181 232
217 279
73 263
332 496
320 53
62 230
256 258
391 300
343 115
50 11
113 395
134 297
479 61
418 294
445 363
317 101
475 383
274 314
155 261
276 98
339 386
24 309
31 366
411 336
334 6
90 357
491 200
91 305
291 376
60 131
445 313
148 250
60 330
136 452
8 334
233 130
298 287
232 40
370 175
490 52
433 454
32 393
461 499
34 31
329 240
233 114
346 369
101 230
189 379
348 229
9 291
439 340
350 10
9 307
147 269
364 66
271 247
430 313
180 475
258 181
484 466
423 231
499 336
465 168
19 344
403 200
369 168
128 206
52 452
348 40
356 404
247 287
34 280
335 217
35 238
189 187
195 186
352 319
425 425
297 398
131 363
117 148
363 120
250 477
97 37
454 220
448 419
74 210
483 145
203 327
466 196
486 157
393 485
387 447
323 40
40 128
275 174
368 20
321 451
335 84
63 208
196 427
12 208
309 323
31 423
253 107
349 39
282 29
70 312
221 199
498 455
465 460
337 160
274 428
101 285
366 150
162 427
351 385
342 164
29 493
490 391
133 348
473 81
73 84
200 446
161 129
76 488
411 387
379 229
150 197
396 415
96 488
376 324
499 385
304 238
208 324
203 145
347 215
280 465
23 487
37 285
297 95
65 429
315 231
233 48
198 176
160 140
37 50
396 106
393 370
438 310
350 471
489 406
305 433
279 462
425 170
50 178
56 313
8 83
391 91
192 494
494 452
262 272
246 64
324 263
159 397
233 134
166 123
393 198
282 459
98 427
221 357
470 254
454 299
404 68
176 251
235 282
185 135
28 184
229 444
217 5
392 450
273 341
212 463
285 436
307 497
11 113
407 63
92 189
19 242
211 20
15 115
347 443
22 392
189 123
388 489
280 58
205 251
393 471
422 13
117 328
344 335
95 312
105 252
359 66
82 474
467 226
240 176
197 295
263 65
175 479
238 375
102 26
332 54
351 355
48 67
195 28
188 349
449 389
458 118
192 417
143 305
290 336
193 134
287 493
305 30
233 12
222 160
372 495
146 296
99 162
65 337
44 396
4 349
105 335
365 381
484 86
187 316
9 236
23 380
57 134
242 344
332 81
132 21
247 315
247 212
375 396
294 418
243 2
466 326
254 117
141 62
385 409
36 163
225 384
189 215
397 193
142 120
349 442
206 159
420 359
404 199
365 218
355 335
138 269
372 387
218 235
61 217
283 352
425 499
82 369
373 26
275 27
185 350
164 376
230 426
177 209
196 441
327 348
288 231
34 274
224 35
210 108
213 260
105 73
160 129
124 393
305 125
402 392
209 306
211 162
135 241
477 201
112 64
402 59
266 445
256 357
337 306
246 408
75 303
149 2
150 361
152 244
152 275
53 49
347 267
343 147
152 118
152 428
395 63
398 202
62 42
312 65
228 326
163 55
19 336
54 490
482 134
388 478
395 335
182 272
149 22
275 212
25 470
464 234
317 204
93 252
265 394
498 334
299 165
145 116
462 151
159 484
156 402
316 122
307 272
89 233
436 316
13 93
258 395
80 37
483 317
130 286
455 74
51 179
346 210
168 96
497 388
432 309
17 37
269 449
153 290
455 165
155 244
212 148
295 301
211 132
433 308
76 343
25 427
102 62
154 29
179 128
110 170
464 53
320 116
475 137
497 120
243 141
27 368
359 35
45 209
116 264
487 107
78 283
63 297
236 64
19 439
413 335
333 40
25 429
22 348
279 39
203 106
327 199
319 476
301 337
152 158
49 499
264 238
101 413
485 68
144 322
217 166
37 398
346 270
211 265
375 70
294 10
455 150
57 10
285 472
214 94
173 266
352 392
189 94
306 496
70 437
67 68
131 433
465 282
287 15
427 18
270 204
117 332
45 34
62 357
416 89
35 484
449 55
4 262
424 415
346 401
222 15
191 126
402 98
333 221
144 453
38 293
320 387
161 187
433 170
403 492
198 459
132 139
351 150
355 84
297 318
3 302
67 243
264 332
361 216
190 54
40 373
157 58
66 112
49 326
92 283
204 379
28 18
401 372
90 152
487 470
231 121
103 487
38 494
142 157
57 242
75 19
199 336
468 59
35 486
167 142
432 382
19 1
143 322
37 145
143 27
211 192
188 396
247 172
483 241
437 131
296 113
185 476
353 164
371 154
3 133
334 79
216 304
64 211
42 181
497 181
138 238
495 433
73 410
275 21
494 434
156 298
170 173
112 358
288 303
431 123
22 190
478 472
397 67
119 408
458 186
6 353
353 156
492 372
324 26
37 227
248 8
64 307
89 403
289 409
121 380
453 364
309 185
295 370
352 289
380 416
317 21
139 212
384 140
58 317
45 186
126 352
344 323
243 304
25 112
498 389
354 238
394 148
443 255
301 313
253 480
149 352
149 474
384 73
445 74
304 400
388 477
387 136
320 24
236 57
380 52
19 472
66 96
449 224
70 477
430 282
476 238
239 291
150 237
279 9
14 368
124 250
368 17
441 153
70 360
181 99
368 60
403 264
232 238
161 473
345 370
288 490
181 286
379 409
288 203
160 468
251 140
64 15
143 196
28 437
205 354
164 16
382 26
327 126
252 147
187 53
253 13
357 128
157 466
117 108
233 144
30 52
51 379
70 387
391 198
363 321
201 307
376 83
439 23
268 178
435 73
139 387
51 474
207 39
136 13
156 434
96 451
353 123
443 143
224 453
400 325
166 447
106 366
148 136
205 472
215 62
371 183
452 489
316 231
336 383
73 374
82 291
167 258
373 257
224 290
469 462
289 12
84 163
445 466
104 92
440 209
348 268
267 233
16 475
402 338
293 348
458 446
218 399
232 495
498 257
82 254
479 81
307 302
134 445
386 459
25 270
128 52
96 420
422 412
24 271
42 246
130 9
55 223
236 13
442 121
157 134
414 47
343 415
357 252
300 72
455 488
200 437
309 150
392 396
96 380
162 148
257 107
26 431
454 402
67 147
169 227
118 61
79 271
153 353
151 145
118 209
114 441
490 353
122 353
364 418
123 458
186 192
487 49
437 322
271 142
399 78
68 388
488 353
169 336
205 209
104 74
382 123
467 429
166 421
216 406
469 276
90 189
149 474
420 35
296 89
77 79
333 219
127 343
233 258
401 338
392 83
133 498
114 66
93 181
40 185
62 409
354 496
269 256
197 89
238 60
391 403
365 411
312 191
305 33
311 249
490 186
112 357
400 345
280 175
435 29
66 332
79 420
455 64
197 371
492 377
302 452
89 152
72 415
429 257
399 153
310 94
229 346
386 56
185 75
366 52
301 496
443 49
16 358
499 117
357 364
282 383
43 377
115 24
324 387
459 110
179 360
421 86
17 459
192 244
101 369
130 371
388 89
271 163
439 494
274 193
25 492
419 117
320 169
315 301
188 499
442 184
499 476
428 174
467 482
282 274
437 154
277 221
378 7
297 147
164 488
300 397
262 179
21 133
358 406
462 351
498 269
259 311
267 327
450 111
79 52
354 438
184 442
109 457
377 427
77 174
396 142
114 84
81 430
72 489
275 184
497 349
386 416
362 38
13 266
303 101
456 476
349 415
460 23
405 332
310 220
419 87
168 414
634 698
725 1239
707 269
1277 607
812 1269
628 836
99 1074
465 724
289 1277
1144 964
390 523
935 750
1071 1272
114 1225
1167 8
1074 715
429 1167
160 667
597 1208
1050 176
329 813
532 1151
1272 911
291 1050
911 815
688 1235
964 249
319 486
1106 183
209 491
286 1200
1007 976
153 429
269 158
1258 803
750 212
109 465
1117 261
1224 1244
1309 900
658 160
517 1283
1225 117
551 669
260 599
1269 62
947 472
601 296
1200 688
657 985
813 1061
80 670
467 947
581 1007
929 586
836 11
724 271
363 657
212 537
546 347
1208 1071
158 686
183 329
976 756
375 725
261 546
207 935
491 1003
117 467
347 383
176 286
900 114
586 375
345 240
1061 865
985 182
670 579
389 609
713 929
474 363
229 551
472 260
249 319
332 484
62 581
683 291
686 153
669 515
1235 812
609 474
296 284
383 1190
284 289
815 1117
607 1144
652 634
1003 652
807 109
537 1106
1190 1224
698 658
182 1264
715 209
1283 207
876 707
515 683
599 532
1151 99
486 1258
8 332
667 345
523 517
1264 713
865 471
803 1309
240 167
167 80
1202 229
1244 601
1239 390
579 628
756 807
271 808
11 389
471 876
808 597
