9944 301 2174294
314 164
26 430
261 293
174 371
310 477
450 57
33 37
367 347
218 314
170 309
135 399
67 474
283 52
372 402
413 247
194 183
305 293
363 314
477 126
34 236
19 450
67 38
478 185
144 33
352 103
234 290
263 479
366 261
137 229
164 460
51 482
214 387
121 295
403 491
40 263
69 221
260 442
42 262
155 431
143 314
21 470
84 270
344 339
196 156
300 252
11 298
32 380
461 43
315 295
227 382
268 231
15 142
369 78
159 341
247 51
420 384
151 87
192 301
14 356
351 461
62 14
130 65
219 328
492 251
467 15
42 411
341 159
321 93
478 315
471 70
18 180
306 218
254 220
142 445
90 219
149 464
36 430
382 65
456 431
230 68
182 462
220 438
314 476
79 12
277 213
341 474
453 398
358 265
354 135
481 368
143 223
286 319
458 382
408 415
332 406
55 142
401 196
56 8
76 123
211 167
447 376
290 144
421 358
401 71
384 378
84 13
41 94
45 16
36 159
302 400
284 136
188 240
382 452
153 163
193 153
139 499
33 402
416 283
443 388
167 138
322 42
330 91
180 28
132 100
458 219
220 399
375 463
178 153
385 125
99 197
376 130
39 464
329 34
499 386
336 211
253 332
226 423
104 98
39 457
381 74
355 99
342 169
435 378
208 109
328 102
263 131
339 474
335 16
187 237
330 71
315 469
84 12
14 167
472 67
469 428
186 46
330 430
72 83
96 96
32 226
9 55
195 265
225 327
127 309
341 449
206 89
349 297
312 413
343 82
493 437
105 126
306 85
290 281
165 299
290 311
310 14
473 97
240 199
56 86
488 154
142 54
285 5
73 332
428 37
328 6
127 498
399 376
242 448
473 320
14 491
399 75
483 462
128 330
130 352
391 80
292 131
350 483
200 130
465 114
460 314
387 250
380 388
401 352
228 474
62 337
229 41
89 15
384 126
43 208
10 33
271 157
148 401
422 464
327 24
211 67
287 370
240 45
440 257
448 117
213 152
479 413
123 243
17 434
347 375
278 472
246 25
330 62
459 8
283 136
411 121
123 447
454 233
296 57
333 226
87 396
181 495
328 393
75 222
227 405
379 112
458 215
105 293
230 53
65 207
497 114
345 363
107 258
314 390
480 253
460 328
238 402
475 365
430 191
250 488
1 244
45 58
136 53
15 100
2 12
256 42
31 475
310 393
483 329
208 290
302 240
386 81
76 12
301 125
440 410
421 110
142 78
387 1
461 186
298 423
322 130
457 221
141 165
460 160
358 489
482 164
131 484
45 49
108 498
216 385
63 157
89 361
435 462
9 198
204 316
312 292
313 296
337 395
112 375
408 95
57 493
314 252
295 292
418 297
157 89
418 109
190 107
20 492
21 359
482 300
206 65
12 316
170 288
56 5
261 246
357 389
307 205
348 254
427 300
362 271
65 66
290 60
96 80
163 107
362 161
269 141
315 145
251 166
292 487
195 302
66 460
410 18
316 412
311 335
371 265
431 353
416 481
461 296
363 388
126 480
3 143
97 58
8 97
53 374
462 49
429 362
428 274
208 276
32 413
256 364
362 65
454 86
280 168
123 84
373 277
150 453
17 55
160 376
497 12
347 152
350 174
59 173
273 227
64 176
212 317
11 375
399 308
250 262
290 162
124 52
312 38
106 370
301 105
349 2
396 10
116 226
209 63
346 89
336 63
343 222
441 238
338 280
273 381
207 401
324 76
288 202
94 268
167 178
334 345
472 336
53 8
406 61
289 166
358 443
52 430
278 378
346 55
413 126
281 210
373 301
206 122
299 256
9 379
431 457
239 128
363 295
82 25
272 66
311 94
371 269
138 402
152 387
394 5
192 176
180 415
96 173
374 244
164 266
242 312
189 361
63 228
54 25
321 250
281 446
269 131
241 345
135 426
171 141
263 453
330 466
73 214
409 214
47 390
419 125
79 215
16 55
363 384
314 430
88 317
74 370
322 212
203 265
251 177
62 122
435 454
95 61
276 148
319 11
255 292
237 60
62 101
359 378
458 424
135 484
49 372
139 409
110 431
424 184
41 56
244 159
428 230
475 235
361 73
11 150
161 378
43 324
55 66
251 276
269 242
39 348
355 116
5 58
189 56
388 349
426 28
25 189
80 230
291 232
496 116
339 122
241 153
101 110
79 480
286 242
348 427
142 339
364 270
175 174
209 56
325 204
66 452
296 121
226 244
220 442
167 22
404 107
282 99
421 39
322 50
181 175
45 462
311 212
324 158
245 137
326 63
162 92
227 343
320 242
226 436
445 166
364 351
246 235
355 104
34 115
154 208
77 412
256 37
292 457
59 16
158 471
27 96
282 320
482 94
52 102
443 230
51 59
64 129
154 375
71 40
74 302
400 199
460 47
408 105
80 438
489 74
179 165
414 429
14 168
382 72
466 466
431 473
25 221
257 43
398 276
134 304
153 306
391 497
354 97
295 209
259 389
42 77
15 74
112 125
44 96
381 226
484 59
334 367
490 333
90 132
252 277
231 262
166 147
338 201
142 260
332 297
383 293
78 395
36 21
344 66
391 200
477 55
381 424
248 121
116 31
237 75
272 267
87 365
332 292
480 281
345 98
285 262
476 12
258 202
255 488
307 396
431 332
406 487
359 250
437 296
105 137
329 105
214 137
4 375
36 135
359 246
238 129
58 248
221 125
64 159
326 494
48 462
291 252
288 450
347 98
243 430
306 198
241 155
410 366
411 277
66 230
171 254
9 133
263 206
373 95
433 68
416 215
462 187
113 236
33 486
14 344
142 17
234 329
129 222
441 356
171 243
97 66
379 271
302 118
10 186
248 101
494 74
94 99
363 257
223 288
19 171
311 305
221 292
377 376
95 184
125 189
460 322
35 199
30 59
243 483
336 268
36 179
77 327
293 249
480 490
393 39
94 105
209 118
164 339
187 136
22 312
74 32
98 192
206 18
98 1
160 85
266 362
209 253
367 60
24 250
441 285
470 337
86 397
499 393
65 459
159 371
79 271
293 324
307 86
327 251
169 165
139 346
18 458
432 86
45 265
325 39
300 477
147 349
226 428
280 43
393 493
34 232
77 419
21 165
61 304
126 321
297 226
256 478
186 298
275 286
260 207
259 136
317 283
181 240
174 113
230 25
135 486
376 79
17 302
120 347
178 160
451 102
117 124
354 424
217 15
430 129
83 253
247 274
322 447
367 421
277 282
237 215
232 195
458 144
123 121
304 205
239 478
149 243
342 89
214 307
206 357
82 129
274 38
310 432
288 323
173 73
305 287
158 116
391 1
421 99
254 217
114 185
174 35
187 475
384 171
149 79
255 339
131 331
258 212
244 273
376 462
368 243
242 356
233 445
70 359
16 338
447 439
438 373
283 146
10 286
344 419
414 428
190 288
235 216
131 445
290 18
51 183
24 68
90 34
496 7
151 323
367 162
32 68
201 245
465 109
438 481
56 158
38 174
366 328
389 466
62 84
134 344
429 128
470 395
145 271
96 496
367 14
273 92
12 421
210 444
398 78
114 307
303 166
380 158
323 53
407 490
413 288
223 297
458 303
253 104
302 483
13 48
251 141
375 145
272 18
443 59
350 141
121 215
464 29
370 314
448 473
185 236
314 35
74 289
103 370
269 391
1 297
275 126
345 487
61 379
453 445
446 34
305 166
251 265
230 464
431 260
190 155
237 468
33 421
182 401
281 98
351 179
124 64
371 134
131 63
288 365
423 95
377 143
254 81
303 340
401 209
404 368
346 266
367 435
54 88
391 432
188 472
12 21
374 257
479 213
486 313
496 397
73 185
434 295
300 290
45 272
426 366
287 407
328 442
34 336
363 241
164 449
266 254
483 493
464 468
201 166
226 196
82 384
405 112
31 132
254 340
292 122
153 71
89 270
405 174
305 58
244 311
268 58
56 319
41 408
81 176
191 480
477 407
218 132
172 330
262 33
451 269
323 225
126 262
320 289
11 475
62 164
131 395
358 251
163 336
239 490
442 332
13 25
26 341
241 90
470 481
162 90
489 129
172 127
37 474
246 8
201 333
73 208
327 493
255 133
474 267
152 115
295 217
483 22
207 426
392 407
263 283
301 431
194 425
424 75
371 357
49 226
112 374
179 22
338 332
92 62
397 128
2 331
369 422
82 284
115 273
129 272
178 338
104 428
494 171
492 363
230 223
413 354
278 223
354 360
223 177
306 94
349 93
327 433
222 190
107 265
111 244
112 304
346 386
80 107
328 262
421 330
449 69
79 51
467 179
382 365
139 481
37 227
463 313
37 30
243 483
85 28
177 228
378 276
91 189
126 173
315 401
238 77
64 102
173 245
150 276
139 358
61 398
87 123
149 479
205 8
421 197
113 284
213 37
277 22
18 442
459 88
315 397
159 21
234 22
58 64
46 267
282 272
52 430
387 21
171 37
308 399
32 46
85 465
187 190
361 136
358 228
386 417
253 100
458 155
255 259
150 104
465 463
126 37
383 65
471 367
275 201
334 239
174 199
23 111
379 349
393 161
414 476
112 68
38 473
18 318
293 284
459 295
402 461
312 479
483 128
360 84
231 430
44 389
396 9
258 339
393 24
375 468
146 391
242 116
415 432
139 216
476 467
283 213
434 45
147 419
118 63
14 351
50 161
247 16
479 362
168 86
439 37
468 260
246 170
426 490
200 461
451 439
172 213
209 10
129 420
455 435
290 377
236 415
214 326
406 425
25 119
460 4
251 298
433 285
251 270
326 153
236 177
80 302
25 12
498 268
124 338
387 113
186 127
460 195
312 448
305 306
53 400
178 334
397 333
327 301
140 59
147 129
268 164
451 281
6 434
41 184
154 310
488 189
413 120
30 429
45 42
273 6
394 20
313 222
4 73
104 299
429 244
464 236
436 49
377 423
135 189
229 449
237 222
195 9
27 130
324 222
474 61
397 289
396 178
489 145
432 247
286 196
20 85
470 28
329 93
250 157
480 73
20 30
359 448
14 43
153 67
54 261
224 101
397 237
108 408
365 10
123 362
439 68
185 232
429 258
341 65
132 201
430 128
29 73
330 423
390 189
427 311
104 94
309 378
120 352
405 312
80 219
338 210
266 67
370 69
235 445
465 245
290 66
417 479
435 220
147 83
172 28
84 11
257 15
190 245
404 114
295 128
434 436
360 233
215 491
320 251
34 48
48 347
241 88
32 481
93 243
104 115
335 363
208 21
455 221
335 478
35 33
452 333
16 397
188 365
10 97
431 459
62 336
198 241
93 492
121 223
283 290
244 349
48 14
484 163
278 42
350 357
181 340
489 240
41 14
334 265
225 304
454 32
465 44
281 300
346 132
429 426
467 53
457 106
136 67
221 52
50 319
382 140
230 45
169 433
224 166
128 458
270 151
21 300
428 26
252 261
84 57
133 233
301 202
388 483
83 483
10 374
113 406
269 143
29 4
452 170
148 481
466 224
78 22
450 417
344 74
76 151
273 199
5 328
435 151
24 158
422 313
293 75
105 99
261 162
112 432
34 136
140 303
3 370
320 61
120 91
54 204
230 465
232 331
366 350
477 496
326 95
30 66
383 210
154 198
119 410
391 92
386 66
51 363
53 204
232 127
408 232
453 204
169 32
112 103
70 489
425 327
67 453
318 365
201 17
170 143
229 10
300 76
160 169
98 472
286 469
279 90
260 111
273 250
100 330
139 42
106 144
487 351
362 125
69 136
214 354
228 97
479 193
246 307
162 243
58 88
267 347
363 92
402 75
167 8
324 158
115 488
76 170
491 275
197 234
296 494
122 417
224 170
187 318
223 317
141 97
196 291
95 22
314 100
254 147
374 222
373 1
248 482
277 257
152 182
81 143
400 135
317 397
229 123
255 244
120 306
468 171
63 19
288 440
189 216
66 87
9 326
102 474
17 100
144 326
480 209
128 190
8 313
168 139
450 86
425 13
134 48
207 105
44 32
210 395
231 121
403 419
315 442
383 332
110 33
482 220
422 352
46 443
247 349
194 139
126 58
330 166
364 160
29 470
390 95
71 96
151 21
273 298
367 335
292 327
303 223
354 366
43 34
154 210
183 467
299 298
9 470
122 13
187 329
35 7
102 310
321 410
268 326
120 287
138 99
112 257
380 395
415 221
70 436
396 282
400 378
415 341
421 11
74 462
387 442
409 297
260 252
382 50
206 240
348 321
446 442
485 315
204 476
25 260
186 164
286 43
474 184
161 276
497 320
494 222
398 116
471 315
388 294
6 313
50 52
22 330
461 444
199 198
72 314
121 243
34 314
213 83
47 266
59 48
113 308
133 18
106 65
430 484
421 493
57 292
76 11
31 103
129 26
211 163
52 88
105 37
361 155
468 429
175 214
357 398
168 461
139 70
471 491
448 194
297 133
102 92
494 285
435 297
283 33
418 144
426 482
472 408
24 6
368 270
368 207
230 156
462 132
239 494
35 378
82 335
107 238
351 479
368 302
29 382
382 13
179 355
383 11
490 421
246 154
29 470
71 69
408 229
453 142
219 297
286 356
456 236
321 148
50 277
248 141
410 237
371 32
158 381
482 482
170 168
356 471
107 323
51 263
244 499
351 153
216 88
120 87
221 300
337 498
287 146
68 62
46 452
476 39
101 497
259 104
58 397
218 322
437 122
347 366
417 258
104 141
267 67
200 479
169 365
6 461
148 170
144 450
380 313
369 13
173 334
449 93
71 9
189 340
147 136
213 275
464 208
49 72
221 242
468 480
9 110
193 67
82 373
123 316
233 151
419 221
246 229
424 41
264 380
14 298
401 167
197 78
175 200
313 361
296 385
455 258
444 149
460 97
322 441
180 39
98 430
37 395
218 314
188 196
21 34
414 334
269 243
485 338
293 484
215 34
135 15
149 132
283 28
316 226
273 52
95 10
462 111
63 152
220 435
236 292
312 32
253 280
113 135
363 217
44 73
439 493
270 399
271 128
494 26
70 175
405 426
104 278
13 179
254 18
466 64
348 4
268 324
149 2
463 135
35 424
158 102
324 219
54 127
16 256
425 481
74 58
469 75
165 211
347 247
312 323
29 288
474 219
467 332
347 133
133 232
239 315
262 293
348 162
17 184
342 326
26 252
193 237
344 458
192 444
461 312
31 472
132 214
19 314
225 95
110 323
403 413
355 12
44 365
132 220
255 240
235 148
82 355
475 362
285 343
410 90
267 348
68 400
68 48
334 161
275 9
16 289
164 1
189 84
479 383
448 129
112 161
398 172
464 202
382 353
400 33
266 334
405 82
178 53
132 366
422 246
170 30
151 70
301 138
142 83
223 237
479 104
18 465
241 62
498 3
21 90
414 394
463 139
41 472
370 260
429 465
365 466
154 442
132 482
225 446
196 28
110 22
204 157
291 207
399 150
464 91
367 487
85 230
369 97
251 264
57 250
148 116
245 263
367 77
327 309
412 382
456 393
423 196
482 117
315 266
155 350
151 95
128 2
461 119
193 396
425 244
176 366
446 313
389 271
22 129
228 193
302 141
124 255
110 328
142 299
383 46
310 236
364 261
358 137
450 6
247 112
67 384
310 111
413 77
166 1
425 272
299 368
330 81
250 358
24 150
150 75
401 278
160 339
256 459
266 472
408 347
29 16
106 381
91 152
222 426
479 3
449 386
212 16
40 241
428 314
300 5
253 316
242 490
114 197
440 117
431 231
283 21
272 25
389 84
458 186
400 298
382 254
330 379
385 339
347 225
115 491
99 108
89 22
68 287
261 327
482 218
476 125
84 178
88 415
251 340
250 107
374 280
28 11
88 292
163 222
348 395
254 376
362 31
27 309
220 498
452 141
420 17
428 352
96 312
11 232
428 219
421 480
449 380
107 101
303 94
24 430
449 17
266 49
23 142
132 421
427 302
210 164
368 55
464 207
113 318
364 48
315 54
431 337
383 184
430 260
218 206
31 307
123 166
125 82
362 62
71 229
219 492
362 20
256 325
246 496
498 3
237 177
211 414
133 206
71 159
67 155
231 245
325 198
291 324
395 227
214 355
385 98
289 429
38 466
22 36
378 287
476 121
207 434
442 419
156 402
351 342
236 64
421 420
68 413
167 149
299 30
23 223
258 239
177 225
296 53
475 303
18 36
260 120
359 472
388 389
313 72
449 140
188 1
103 42
14 491
367 382
166 391
465 319
336 102
109 17
88 43
105 92
496 473
107 278
493 225
77 149
168 90
86 386
212 331
99 42
452 106
448 321
312 393
345 383
499 451
57 343
332 222
26 99
8 388
96 168
413 128
384 28
58 171
56 235
169 333
390 62
458 468
273 277
376 283
368 133
253 441
189 5
12 213
414 348
207 370
208 491
201 321
35 434
83 281
236 198
203 394
150 370
406 154
197 283
71 253
230 284
208 345
336 217
132 454
68 129
2 362
210 231
473 272
174 232
315 67
97 494
3 349
159 481
315 154
221 101
256 439
268 386
30 1
32 332
206 136
322 106
407 338
379 484
226 160
462 213
80 188
452 20
325 183
322 188
208 5
472 340
243 403
242 79
99 211
174 186
268 188
379 320
400 280
154 349
499 342
404 12
359 478
168 10
194 418
324 362
390 335
353 129
420 92
346 51
408 125
227 332
265 269
455 58
410 55
329 473
265 204
10 312
11 188
379 420
54 329
11 403
292 342
472 157
418 10
216 30
347 6
417 291
270 134
246 9
179 254
206 102
430 470
453 376
409 83
357 272
161 433
129 279
338 437
454 65
310 151
160 52
185 291
313 259
82 136
324 384
332 156
296 304
165 221
90 351
163 343
402 76
458 198
134 93
153 142
235 211
37 348
91 155
427 356
46 255
450 94
481 388
57 310
291 35
206 5
161 218
89 198
422 485
1 2
304 337
251 13
12 216
183 479
215 219
8 442
221 49
302 8
47 248
266 434
454 110
449 495
341 100
253 466
377 256
430 275
54 319
45 195
376 434
140 96
239 228
145 428
482 61
71 250
288 206
92 322
348 380
249 233
300 211
125 299
416 408
112 282
439 346
145 236
429 394
5 411
198 286
423 211
141 37
20 499
355 444
165 226
92 97
471 342
295 224
12 299
351 329
234 55
387 156
201 379
458 142
480 178
33 216
412 441
214 230
497 417
323 383
176 491
403 241
295 267
332 260
124 193
11 222
214 31
299 226
394 23
291 305
373 7
59 2
49 71
367 107
253 391
274 269
415 446
203 396
239 382
281 196
491 194
191 409
208 98
191 230
119 444
308 106
424 493
466 398
44 94
75 106
312 273
382 36
271 417
373 161
438 239
224 454
336 397
352 267
414 36
117 246
257 136
452 282
334 9
307 364
296 172
111 48
295 372
218 422
464 323
38 470
451 422
454 386
384 437
360 203
439 258
189 50
286 131
2 135
35 450
234 253
416 360
385 12
278 452
51 36
277 270
200 414
136 231
391 8
38 428
108 475
305 327
37 236
374 332
340 295
184 82
13 309
375 108
59 112
388 55
192 171
240 478
56 197
147 246
294 224
197 174
484 374
463 135
155 125
234 277
251 470
497 313
55 231
480 367
153 249
191 222
272 124
4 5
478 113
270 129
370 334
112 8
300 422
207 462
243 253
235 256
396 1
227 495
1 452
325 35
24 326
333 84
353 362
447 420
351 327
253 376
9 44
109 260
341 118
204 36
394 328
386 374
109 109
407 132
100 113
17 282
426 113
294 162
178 218
433 350
341 313
92 409
163 114
29 243
114 424
220 237
367 76
179 343
211 158
89 121
151 100
162 338
83 185
293 24
347 364
96 72
102 290
29 113
225 255
442 493
398 89
154 335
208 202
109 37
150 406
233 304
494 244
376 441
340 244
197 157
25 245
137 324
221 474
234 229
62 209
316 422
298 251
236 254
484 286
423 5
338 317
448 362
345 347
391 313
25 50
238 431
291 115
402 139
15 385
126 217
108 264
394 186
378 212
65 350
266 479
208 421
222 50
307 489
472 433
319 274
324 41
327 102
477 367
332 401
340 191
312 204
56 485
148 475
126 38
419 486
442 446
203 176
366 396
138 156
275 161
173 376
305 76
346 88
37 99
153 16
294 30
445 252
416 43
19 411
230 482
343 177
481 366
383 146
16 358
249 280
300 159
27 313
160 180
5 78
438 78
418 367
368 40
152 32
450 8
277 104
357 132
253 157
160 36
383 422
212 139
207 390
31 18
439 239
74 212
323 44
217 8
428 340
317 489
75 493
122 411
146 359
382 353
488 245
100 375
320 480
63 421
392 360
296 449
411 280
234 82
303 413
324 200
381 214
145 493
355 310
117 241
213 129
467 292
374 403
294 450
257 225
90 84
240 289
421 479
154 465
46 201
202 410
480 233
139 15
219 476
7 255
122 48
132 378
433 193
260 405
107 353
180 131
324 418
2 234
184 138
430 123
381 240
19 126
369 167
121 119
431 476
33 471
259 417
380 130
96 48
22 75
56 332
54 341
362 225
153 114
313 27
358 176
199 106
112 495
153 474
4 300
417 241
169 333
75 191
145 97
66 434
383 312
11 377
46 352
446 326
187 204
286 478
356 152
73 472
243 453
338 292
472 370
134 278
392 221
370 117
89 189
176 263
228 171
66 418
104 323
428 24
389 444
498 433
122 8
17 262
148 102
415 83
314 315
335 43
193 196
411 58
218 436
301 230
360 309
485 354
275 359
11 155
142 482
371 182
46 343
483 176
335 379
458 291
474 132
211 70
394 141
56 209
93 304
38 122
475 478
399 481
343 16
21 350
402 97
494 362
364 180
283 214
456 203
204 228
270 153
155 127
19 479
493 75
278 222
210 356
421 288
357 124
392 180
340 370
367 51
3 371
83 43
388 296
1 2
167 77
247 408
217 496
482 494
77 21
337 399
457 156
490 99
196 84
5 404
361 430
345 489
343 65
250 265
413 199
288 379
403 277
234 64
327 144
193 459
165 100
242 20
318 488
35 496
76 84
226 370
165 361
324 293
28 215
263 282
283 261
43 151
285 133
233 307
378 71
96 257
251 38
291 286
39 281
369 358
250 472
259 128
452 495
426 204
22 37
119 282
63 249
144 443
360 433
372 111
319 227
477 95
175 269
217 97
293 189
246 52
371 317
92 311
432 259
424 421
10 279
142 82
476 311
396 1
72 187
339 76
192 342
92 108
143 299
355 90
73 111
283 122
131 328
328 249
47 217
289 423
273 74
382 462
398 33
109 267
474 141
329 305
118 45
64 356
73 205
302 407
20 239
358 107
133 93
410 53
328 482
383 406
75 84
356 100
484 139
18 166
276 67
494 310
304 183
53 21
135 245
48 11
106 398
288 433
52 15
38 133
89 308
454 139
80 386
145 496
263 460
287 204
364 449
273 426
407 209
103 379
305 71
50 420
238 224
368 370
166 162
3 256
83 397
407 239
348 301
361 60
203 430
423 190
136 278
172 228
331 16
181 456
96 339
75 489
83 206
93 244
448 350
238 92
121 135
457 393
430 242
154 115
280 307
361 268
73 37
459 184
288 490
465 226
52 54
278 107
393 251
464 152
28 449
380 430
89 431
443 271
122 123
242 36
413 408
354 319
17 240
423 391
381 177
303 321
249 435
345 52
31 309
409 303
249 392
426 416
51 378
85 27
11 328
156 456
8 317
239 105
199 10
408 368
194 140
222 103
142 34
269 102
49 447
360 136
143 258
338 241
371 263
483 498
317 40
262 458
276 168
233 20
164 238
213 383
489 143
459 35
81 113
88 217
36 323
306 205
378 162
387 430
278 176
129 31
377 215
203 490
164 141
409 380
344 349
207 438
410 19
326 46
228 257
380 21
13 268
332 2
399 199
149 136
205 118
70 361
493 33
57 435
186 69
378 373
302 93
223 309
300 113
257 75
142 437
429 367
497 255
423 70
122 354
350 372
486 280
480 351
360 315
317 204
414 263
493 371
135 15
343 393
395 44
268 360
83 200
471 436
277 483
463 271
108 91
302 157
221 412
381 180
357 272
67 320
100 465
81 304
289 76
10 170
457 207
426 109
397 272
306 272
335 458
14 88
15 86
150 336
63 192
240 248
116 186
200 35
121 348
492 254
493 392
77 40
358 136
236 191
15 389
46 410
168 353
282 212
74 181
217 288
373 216
265 257
221 257
238 457
241 107
350 220
249 183
108 160
201 499
164 404
395 13
273 33
112 62
225 28
144 427
228 407
345 344
231 196
488 377
309 249
88 175
214 274
194 486
161 87
308 67
177 398
153 158
304 331
190 58
270 254
386 477
126 43
381 89
3 389
63 442
88 174
233 432
320 371
40 160
369 269
77 35
429 272
353 88
32 12
185 396
187 491
84 270
371 233
491 114
181 140
254 320
225 88
61 181
95 235
16 395
412 306
467 496
175 171
171 433
454 272
447 336
268 164
437 430
466 392
186 382
159 227
383 239
178 140
184 53
359 22
420 36
413 166
497 229
293 271
373 123
185 102
443 212
197 314
113 84
201 17
154 278
447 181
370 246
197 89
221 19
235 319
183 59
475 31
401 346
265 159
45 79
397 183
319 115
170 250
358 203
61 354
362 257
172 163
490 199
46 478
83 322
321 130
17 179
33 335
175 402
149 346
78 30
356 184
332 359
235 26
292 124
296 229
383 438
351 181
434 351
474 475
336 29
31 185
281 238
269 378
137 396
195 480
301 143
259 246
137 429
474 410
102 75
17 240
64 275
214 26
211 331
260 10
277 467
165 143
478 491
376 312
236 45
127 368
119 215
85 356
380 418
86 147
359 147
390 143
265 6
191 67
410 48
399 84
326 446
109 196
32 208
346 461
59 2
242 89
215 85
272 248
1 184
369 340
370 399
279 47
348 496
362 423
251 253
336 397
346 419
62 404
45 362
2 212
401 139
272 342
336 475
68 396
8 406
358 307
204 273
269 246
158 131
494 215
247 115
246 41
499 278
192 61
304 376
355 68
284 310
417 29
325 80
22 489
483 335
442 78
244 458
31 399
40 20
89 100
431 387
235 420
458 411
76 325
17 463
277 481
35 287
287 87
2 480
435 273
410 16
68 333
381 452
182 399
37 347
214 378
296 188
83 364
389 482
412 6
422 24
147 348
193 27
308 425
419 491
22 467
349 368
490 54
441 266
384 494
248 486
331 360
101 234
116 14
287 307
278 436
8 316
10 306
175 351
31 230
58 318
199 30
450 491
21 38
56 432
275 484
86 181
308 288
244 436
462 111
481 341
333 413
263 310
454 302
273 384
409 276
18 61
176 338
323 20
31 365
387 221
249 394
164 15
337 430
74 368
1 486
53 290
470 384
244 358
351 440
268 60
200 365
146 252
326 175
192 68
141 460
306 449
100 192
350 304
134 345
485 87
82 4
160 10
276 338
285 490
177 465
451 205
108 188
186 492
498 97
128 440
174 124
217 273
219 386
2 430
289 296
341 397
252 260
284 447
157 271
493 101
222 6
465 11
82 439
452 415
259 334
154 276
229 46
338 23
415 448
219 118
402 153
499 262
420 392
463 454
41 110
203 465
378 275
466 5
162 391
491 405
293 191
415 83
233 476
133 216
135 460
40 244
128 351
435 373
102 289
239 303
286 263
157 454
253 254
421 186
35 122
319 392
269 131
488 186
416 60
240 171
440 76
190 207
161 380
124 314
399 257
424 244
442 38
340 131
412 133
257 26
217 380
477 108
137 348
37 278
462 476
481 342
253 36
60 163
242 287
127 59
412 370
371 485
388 205
264 146
303 49
443 83
333 54
3 316
228 425
87 122
63 453
469 410
224 119
203 107
10 305
218 18
144 459
38 343
150 172
205 133
371 23
234 70
383 172
174 265
264 346
11 361
384 365
15 447
484 483
230 166
423 84
388 247
54 351
198 91
35 377
21 159
337 194
466 283
226 140
479 479
351 372
240 334
163 476
291 476
275 458
326 16
25 472
461 264
19 395
457 258
311 240
323 390
141 368
439 411
265 101
58 356
132 173
372 230
234 451
101 257
289 219
272 418
63 462
457 91
333 342
61 197
28 159
89 23
441 359
414 214
162 375
368 205
366 240
186 174
185 147
299 492
212 60
231 467
113 216
183 407
185 416
69 224
35 269
385 290
330 117
343 284
219 253
315 46
160 187
11 307
279 173
482 454
407 126
303 494
197 300
176 248
107 180
122 308
438 439
112 319
296 58
449 199
290 238
203 430
12 107
186 9
357 431
303 179
231 334
74 23
407 41
110 320
222 219
100 313
439 234
72 25
358 262
35 92
308 305
268 203
121 256
274 450
252 4
447 290
116 455
353 89
64 450
251 399
483 79
209 133
409 60
309 14
181 201
435 270
30 212
478 11
279 318
207 116
108 214
428 426
239 121
352 200
264 92
364 262
371 203
47 23
228 25
166 163
164 224
299 368
464 52
289 154
253 317
65 126
394 487
5 214
270 181
269 362
438 110
285 335
8 106
155 146
204 462
150 179
341 99
64 165
392 3
431 170
99 293
264 4
320 376
390 21
53 3
296 376
248 336
415 7
352 19
332 264
83 6
328 469
251 471
498 234
481 91
187 93
169 461
108 429
420 192
131 411
110 99
41 425
97 24
144 3
136 225
400 83
24 374
307 254
79 194
125 341
266 259
421 53
252 239
309 436
309 180
428 305
491 46
205 476
66 291
265 259
423 457
222 467
370 401
216 113
63 411
286 115
365 324
51 238
4 288
469 421
135 478
390 188
89 369
142 216
11 219
195 148
320 35
292 342
435 201
385 459
210 80
166 284
329 389
301 380
489 151
376 98
78 157
155 181
218 420
248 295
96 454
450 188
363 261
379 148
23 38
457 16
23 250
72 136
264 169
344 361
424 422
318 370
467 60
104 41
280 279
448 201
257 406
328 332
203 134
24 57
391 48
294 354
357 149
383 260
327 362
49 210
65 117
425 498
405 114
111 365
371 327
191 16
357 138
198 354
397 41
32 384
237 341
331 181
317 432
209 457
477 493
311 284
194 194
63 98
414 51
101 30
372 130
154 140
260 39
60 12
14 295
7 435
168 170
395 133
451 418
73 108
101 437
46 342
302 333
324 25
244 240
192 80
368 365
216 213
198 101
139 488
24 238
23 331
135 141
242 462
211 52
449 341
199 89
253 409
46 385
296 57
206 300
222 219
144 431
376 325
80 107
293 12
273 50
483 265
303 80
224 144
397 324
35 417
18 83
317 6
179 229
104 250
150 453
212 313
213 230
276 320
228 78
65 280
357 435
208 381
133 160
467 407
221 208
235 134
190 72
294 194
5 11
249 165
72 155
348 295
141 46
192 136
33 99
208 10
36 78
354 340
375 260
50 218
147 84
354 131
256 329
251 307
55 382
120 141
370 78
98 128
430 127
313 250
354 338
298 80
441 159
153 85
226 160
357 340
482 351
120 201
9 216
168 192
288 265
174 279
451 60
328 247
495 393
448 117
361 1
384 279
111 74
147 13
141 230
136 299
64 62
96 242
76 162
59 106
425 312
445 371
136 157
265 151
38 64
101 496
339 423
14 317
373 157
313 261
338 424
36 19
396 263
339 82
422 138
358 324
115 19
436 192
291 10
218 316
446 255
397 492
29 242
474 454
111 121
295 88
217 296
442 477
415 237
311 87
243 152
114 181
461 381
382 476
103 424
243 171
179 384
466 130
94 101
390 356
205 379
315 76
446 151
26 373
2 468
97 41
80 117
29 473
330 159
73 135
187 465
388 85
407 291
185 412
161 317
42 215
75 437
308 17
417 6
455 7
420 482
459 380
142 333
215 9
373 178
247 128
26 92
397 387
323 270
339 499
326 303
316 11
7 218
171 446
429 84
347 107
148 288
311 293
47 339
222 212
114 86
43 224
374 119
174 182
1 461
275 356
393 132
482 269
388 265
366 366
148 171
69 357
34 201
252 399
35 44
402 24
100 377
175 107
346 340
160 17
46 164
80 20
214 253
50 178
163 136
466 364
314 354
109 288
368 322
392 13
272 493
102 149
245 188
274 76
96 19
179 146
55 54
152 34
497 65
131 428
231 28
36 27
317 98
474 258
401 415
97 387
448 167
112 299
187 437
453 107
372 373
428 109
278 1
326 353
34 260
28 123
97 173
429 243
416 228
104 351
226 17
184 416
370 97
92 192
366 303
163 478
82 310
358 90
163 100
325 260
45 209
132 377
161 414
196 368
443 2
218 359
456 488
72 209
370 169
245 252
478 368
14 194
435 152
209 114
235 17
171 354
54 461
175 372
213 420
66 451
475 411
387 199
250 53
410 192
58 443
247 168
253 65
284 263
239 360
257 234
458 162
157 133
105 20
306 442
329 272
89 73
253 469
453 498
345 50
262 279
364 424
242 48
327 94
21 257
462 130
492 133
193 322
140 437
201 162
410 76
89 439
200 99
310 396
405 325
109 273
451 294
67 127
393 308
492 63
436 44
32 30
241 455
131 44
168 472
324 63
303 79
89 29
259 461
239 193
16 3
247 50
183 203
5 158
487 340
383 51
493 413
327 219
249 128
283 497
472 100
357 475
400 241
470 441
11 382
24 102
383 39
32 28
453 352
416 211
271 160
478 251
316 239
7 163
17 193
290 155
95 71
248 407
168 228
63 133
29 12
361 424
357 374
288 204
150 273
390 109
181 297
316 241
253 257
455 444
217 116
355 39
5 280
424 367
360 174
446 119
118 471
289 152
340 155
483 308
105 189
201 343
93 416
217 373
21 125
80 54
151 478
424 221
435 198
466 260
163 242
222 302
499 334
290 342
211 335
131 53
46 203
128 242
31 116
208 477
155 71
376 189
243 265
61 230
107 378
110 328
16 310
262 120
92 248
145 18
315 421
408 365
290 33
156 235
198 298
147 93
302 365
111 461
92 382
438 146
228 98
386 134
446 93
214 188
308 28
202 398
353 140
200 302
85 267
447 350
144 452
488 423
135 135
62 443
230 167
419 177
343 30
256 487
75 170
99 226
356 262
463 384
211 292
202 220
484 354
6 389
357 300
350 22
238 237
32 350
117 430
159 268
295 162
192 48
249 220
497 208
226 389
40 346
166 93
334 417
72 288
173 309
212 496
390 386
126 35
252 120
455 433
412 278
390 293
241 367
378 150
392 407
162 2
153 19
175 492
85 49
457 197
117 416
383 294
105 2
454 187
320 262
484 164
42 355
457 175
444 120
499 405
232 374
268 155
356 372
420 285
272 164
346 321
433 477
378 440
231 202
20 242
312 170
22 157
165 420
71 236
27 264
315 197
364 432
294 130
160 164
220 245
468 484
430 282
483 411
457 389
218 420
461 13
54 32
38 197
52 475
275 84
314 340
189 104
104 19
323 98
77 363
56 433
7 156
183 397
451 442
412 436
272 121
32 419
10 202
320 97
88 30
244 397
432 472
464 222
325 314
448 306
383 265
30 475
219 124
362 435
346 390
378 418
86 148
435 271
68 304
104 179
477 380
416 476
166 63
144 472
1 216
241 67
367 459
188 337
498 87
312 362
425 137
46 178
269 347
23 211
295 497
223 177
482 451
135 331
135 99
209 186
61 415
215 134
5 270
368 121
341 342
407 158
466 212
29 120
475 339
195 454
320 119
166 206
304 418
135 168
43 297
409 268
209 324
392 446
5 420
426 231
198 104
125 335
107 45
9 236
33 468
170 14
484 195
487 234
60 379
61 474
11 76
280 27
207 38
137 23
218 486
159 276
209 41
405 313
342 334
383 9
432 219
139 494
378 319
72 226
246 358
251 20
160 96
491 146
471 309
47 160
251 460
201 457
263 451
451 87
202 195
336 213
338 272
10 28
339 482
30 150
100 272
183 229
184 52
375 303
482 264
131 12
378 295
185 65
441 19
362 33
212 221
286 468
380 309
42 404
117 413
86 234
302 330
277 109
365 98
180 345
236 482
288 444
250 84
385 224
261 477
61 338
70 56
358 195
19 455
372 162
16 144
393 55
446 206
248 493
28 12
172 15
314 50
427 285
314 429
77 289
319 331
315 204
284 104
270 122
179 7
188 109
358 79
438 72
304 178
182 428
108 440
255 458
109 136
22 109
133 130
461 80
100 493
182 257
249 249
398 107
447 302
385 274
468 155
420 331
89 265
365 418
214 458
339 335
379 464
228 94
255 206
46 441
287 197
304 488
315 379
302 104
36 4
427 372
319 155
1 275
119 15
313 10
375 483
418 224
461 399
425 22
272 227
306 393
404 368
173 335
482 284
353 434
353 76
472 396
392 235
91 161
398 207
43 426
344 121
462 144
203 311
187 349
3 495
291 396
442 239
80 22
124 134
239 252
450 266
178 91
427 262
48 181
275 474
234 328
173 175
72 448
471 311
297 411
265 95
266 319
281 251
241 264
87 104
499 35
57 132
392 495
392 356
170 240
227 420
479 175
211 160
315 292
269 163
487 48
224 493
407 391
54 459
104 3
185 37
310 20
17 285
93 142
25 219
150 79
424 199
434 163
185 230
100 43
295 36
151 386
242 467
338 464
387 35
381 114
332 429
406 400
481 444
198 144
462 288
405 93
338 278
481 137
69 326
267 382
489 112
275 135
101 36
378 219
98 61
258 461
75 164
165 227
227 55
78 289
364 485
205 309
393 358
151 189
28 314
79 135
142 143
111 89
485 246
101 154
399 32
452 165
209 250
194 465
170 216
135 49
8 100
421 68
299 302
149 435
480 205
496 81
267 497
8 130
190 117
366 187
479 39
426 378
349 454
13 115
33 151
155 398
71 326
16 425
276 95
332 221
39 305
405 342
460 300
380 490
212 411
138 337
61 461
86 471
481 368
409 339
233 450
257 441
427 26
248 230
289 367
262 162
147 76
215 7
109 118
37 317
124 249
41 284
312 235
48 22
448 288
208 486
80 328
396 142
268 33
213 322
258 226
203 93
488 50
186 149
39 87
16 228
174 483
240 491
23 72
243 387
197 494
185 243
412 342
30 491
104 374
251 424
487 210
244 172
231 294
491 257
365 198
304 62
288 135
459 137
356 335
450 426
190 22
191 159
127 131
81 495
211 385
345 189
442 494
296 209
130 175
165 127
241 374
453 25
160 56
208 342
61 88
418 270
373 107
192 455
377 162
462 286
87 65
62 263
453 163
243 447
238 119
429 136
81 451
430 344
250 350
386 390
16 354
444 18
185 425
424 68
367 471
295 251
109 359
486 470
215 62
397 150
358 80
99 397
487 21
469 199
405 122
379 114
133 143
472 258
173 129
429 71
26 452
166 66
90 440
306 215
470 85
20 51
42 236
473 289
468 16
72 359
189 475
268 395
297 80
430 423
381 227
473 130
193 201
90 291
27 315
154 39
298 325
183 357
130 291
3 248
69 395
117 96
144 34
152 142
417 163
205 324
148 307
468 48
160 350
286 209
320 263
25 468
262 450
356 349
176 330
229 341
218 142
40 301
179 22
195 441
344 478
9 140
285 266
304 140
215 337
98 133
342 416
115 325
171 227
435 440
397 211
250 344
170 60
444 231
370 215
81 139
55 350
366 1
204 303
20 254
56 215
134 489
223 347
194 340
212 154
433 336
370 256
304 209
387 10
191 391
400 96
283 313
378 145
133 442
258 305
483 491
417 368
388 123
137 107
358 117
259 292
327 465
278 306
314 283
87 10
466 284
343 449
417 96
288 310
191 102
139 479
433 395
435 412
448 24
118 51
357 232
208 446
73 252
223 244
499 232
290 281
389 349
90 291
428 409
406 125
294 135
246 382
89 196
89 460
106 327
250 176
418 379
46 7
345 329
123 71
377 161
22 294
412 339
415 285
459 445
427 375
258 107
196 178
371 87
51 175
389 13
210 431
24 463
10 45
45 227
378 365
280 402
243 134
284 190
409 359
79 14
366 306
258 303
408 322
425 97
499 334
246 179
247 35
46 355
95 339
4 383
444 272
435 192
2 82
474 142
27 423
378 437
385 93
184 415
376 44
418 33
214 271
130 95
241 454
212 259
496 103
307 390
407 483
490 175
494 414
161 323
71 201
39 283
27 81
490 294
479 83
26 183
239 462
354 457
108 478
255 430
409 72
378 366
91 331
230 455
352 32
215 29
420 419
396 102
90 405
297 218
453 312
140 57
59 15
111 498
362 26
287 255
101 300
226 7
320 221
72 99
17 420
259 478
306 404
5 114
172 9
373 172
148 398
210 4
453 363
274 373
204 486
82 464
149 174
377 260
371 409
194 311
10 201
57 423
68 480
432 497
252 226
84 69
439 340
338 413
202 147
351 44
249 276
144 186
50 333
29 117
36 27
440 271
158 67
76 88
379 115
472 140
450 3
456 362
214 232
26 217
470 259
87 221
317 41
85 241
403 29
347 457
127 79
73 359
237 395
14 406
246 315
170 385
54 173
228 11
424 405
107 216
176 80
253 406
45 341
452 263
234 341
19 103
128 274
244 361
21 126
334 76
322 430
354 33
166 362
25 58
25 325
290 70
260 267
2 11
77 180
156 132
445 369
284 126
297 155
323 196
239 59
134 397
439 346
332 326
497 418
305 275
50 314
213 285
256 338
442 20
471 303
209 458
349 475
220 33
321 287
70 383
188 413
471 417
152 327
323 122
27 119
259 281
81 467
409 13
323 247
17 280
267 344
312 386
285 256
135 466
370 432
159 29
296 445
280 293
487 382
358 211
262 33
241 108
167 346
317 471
188 234
479 14
263 453
183 269
77 46
379 143
161 372
18 485
440 127
134 190
372 143
116 272
295 171
477 440
358 154
116 438
340 351
391 234
413 200
53 260
377 406
303 184
206 108
110 419
450 248
474 334
226 125
322 457
328 410
279 311
162 378
23 471
72 498
365 94
200 467
136 165
462 286
333 401
244 92
95 384
173 172
483 205
490 22
93 94
33 313
90 6
390 158
450 300
101 56
42 322
409 297
444 189
174 249
439 458
122 218
186 6
71 238
489 461
243 314
277 132
23 348
280 392
190 26
216 411
488 369
134 406
9 186
255 143
96 465
235 119
19 405
35 83
378 356
195 101
16 13
362 50
249 95
348 246
413 74
494 290
79 396
327 339
342 386
204 165
187 301
166 164
372 63
63 52
45 479
498 415
293 160
363 458
435 331
430 316
1 204
460 491
273 120
81 67
473 155
137 468
24 199
273 88
26 319
251 281
23 437
37 371
50 280
121 30
9 121
168 463
297 134
447 83
170 158
401 46
315 396
99 330
113 279
348 198
84 401
467 453
300 143
191 419
208 498
351 341
431 226
473 2
361 202
76 138
284 116
224 72
228 373
169 79
383 438
204 244
369 44
167 268
10 365
235 274
195 179
245 480
256 196
462 471
252 64
493 109
60 264
432 146
48 214
297 197
89 100
284 307
147 429
231 313
111 26
239 60
180 398
101 102
333 316
497 165
113 354
381 326
396 356
380 120
308 326
98 461
105 86
486 278
491 455
433 35
222 295
324 330
44 168
214 159
148 292
47 343
254 338
499 163
437 59
2 477
18 23
14 318
12 409
482 344
372 154
256 446
436 102
65 108
151 324
237 6
117 217
361 424
495 17
365 230
476 28
450 52
371 153
76 29
31 75
342 304
344 225
123 289
393 398
55 354
480 373
107 493
161 228
297 457
312 1
145 219
107 258
479 22
216 342
134 13
206 391
122 337
314 338
176 234
137 110
365 54
147 243
163 131
51 196
315 110
124 444
5 461
180 404
338 153
160 459
21 386
451 139
392 265
446 410
312 66
75 254
434 16
238 322
360 276
269 450
59 186
203 281
288 55
141 496
372 430
89 352
400 440
189 200
272 337
374 77
395 37
142 253
116 301
493 48
320 335
166 260
491 62
24 12
7 24
317 172
146 33
433 463
425 115
489 261
246 115
257 121
79 404
198 174
368 423
353 468
358 181
445 48
367 119
55 473
26 146
222 5
443 443
88 32
105 282
197 448
461 431
339 464
116 292
8 135
353 428
292 6
477 263
17 125
355 179
401 469
248 188
489 266
38 44
20 20
301 3
128 8
433 60
158 185
119 97
331 92
302 264
385 291
63 57
365 37
325 187
96 59
26 231
392 83
124 54
137 287
48 339
138 124
201 97
468 81
60 368
192 100
297 420
375 298
288 388
452 460
452 428
376 52
100 302
281 109
369 36
110 333
448 37
336 304
122 295
431 68
367 57
260 472
38 409
418 108
376 85
171 32
17 464
196 88
424 290
239 136
481 61
228 399
388 267
371 339
401 287
210 268
463 163
225 435
148 495
213 316
193 71
168 426
418 352
162 167
96 220
211 208
370 177
42 471
368 430
186 435
271 60
129 422
329 143
52 171
167 461
77 380
183 158
151 341
473 436
287 167
495 361
381 217
126 288
81 89
355 142
254 164
420 219
234 332
496 428
112 369
285 311
424 380
78 252
205 86
54 245
242 302
152 100
395 178
223 375
346 19
100 355
255 400
285 338
227 182
193 90
43 285
270 140
166 7
134 173
105 46
480 336
251 407
291 315
321 145
69 25
379 68
495 274
202 9
460 246
470 172
327 4
72 168
269 482
283 82
68 128
49 471
326 463
113 364
113 293
268 213
12 491
357 245
158 348
496 91
197 397
165 486
265 476
161 150
309 225
485 240
401 453
7 326
198 113
309 485
129 148
305 408
94 31
161 47
88 99
394 480
392 477
412 221
372 264
62 1
72 281
141 156
133 292
451 491
330 378
10 4
343 287
435 130
482 308
392 349
109 309
317 352
460 190
90 376
144 268
273 73
259 409
462 105
325 322
253 177
101 431
26 210
159 428
261 129
415 331
208 181
390 270
368 138
270 435
198 36
118 310
51 194
184 317
49 410
63 268
326 236
218 71
293 146
38 444
350 328
295 279
494 198
80 175
251 253
297 106
463 84
495 59
84 382
195 410
58 129
110 221
253 203
237 176
149 145
364 225
277 221
62 404
160 61
6 27
141 412
298 485
301 138
218 2
322 471
215 118
303 201
249 131
239 279
369 356
102 192
207 251
11 464
279 391
398 124
266 340
233 47
381 349
379 87
485 267
311 221
339 28
414 322
495 255
420 69
454 420
4 376
339 334
55 16
153 94
183 77
461 76
457 338
499 493
425 229
140 57
75 176
131 89
214 100
267 211
413 300
233 97
140 18
457 4
306 25
55 370
211 207
53 206
41 238
172 374
334 139
450 161
235 291
139 283
284 449
343 377
89 73
255 66
239 134
194 90
242 375
377 88
17 317
251 241
225 186
65 322
302 478
336 324
492 339
499 157
169 28
157 453
13 274
12 177
38 223
302 205
61 479
435 99
272 71
4 61
233 208
210 404
107 310
38 145
340 3
262 9
369 38
300 64
26 411
110 293
430 453
271 129
417 466
184 451
176 267
63 253
177 192
381 7
61 325
437 193
96 204
315 377
261 377
264 142
332 95
252 170
107 208
353 142
78 345
317 333
15 441
300 34
229 18
206 3
21 284
26 426
147 93
403 66
303 212
375 387
194 128
357 318
489 368
297 376
116 246
308 57
176 23
182 455
198 14
445 116
307 129
302 150
240 453
439 422
436 309
356 413
69 167
339 212
399 226
5 181
312 160
161 421
216 363
312 124
498 162
181 432
334 264
174 215
319 101
159 432
248 323
73 4
12 310
286 486
256 425
29 138
426 419
422 199
55 297
390 280
198 34
290 488
320 368
413 120
64 132
336 112
251 406
466 226
385 477
231 154
415 21
135 34
226 99
64 446
229 6
395 325
36 420
466 104
251 72
137 499
336 232
38 111
262 324
431 380
63 281
354 118
248 98
136 399
263 305
67 61
480 448
288 389
462 69
284 239
358 408
373 319
131 116
48 134
473 76
89 184
375 489
372 431
237 175
284 348
426 345
27 216
272 78
191 337
454 24
454 202
66 299
176 339
30 249
106 338
223 152
499 234
392 6
308 46
461 327
276 456
283 482
39 382
452 78
13 442
76 60
434 17
440 57
318 458
416 313
378 15
291 98
181 181
280 445
6 260
374 160
36 184
290 312
240 444
296 363
216 315
476 378
127 194
394 125
181 416
424 362
146 197
249 417
109 386
364 448
310 463
140 451
179 145
406 431
32 86
72 7
52 396
28 390
266 225
149 358
166 236
21 417
74 114
148 416
207 155
341 364
324 346
136 440
11 17
259 498
395 483
478 143
63 303
116 329
431 240
156 166
271 341
499 411
465 214
48 383
294 76
129 181
242 288
223 287
94 11
78 410
320 5
96 248
310 7
304 306
385 472
380 414
213 339
188 388
63 417
45 327
407 426
200 281
311 327
196 369
201 187
390 83
117 4
6 84
35 94
223 465
462 485
410 126
252 263
483 301
455 453
331 168
20 57
276 118
274 186
283 484
111 320
281 438
65 406
339 460
361 495
256 474
172 35
303 276
27 458
165 337
114 451
325 206
32 458
322 81
136 387
429 216
209 83
476 379
305 346
404 303
155 145
380 8
326 316
460 202
441 482
318 251
248 333
166 488
352 174
375 385
489 221
88 15
138 118
301 440
185 38
423 260
490 283
288 343
124 133
498 26
391 75
425 143
337 438
381 246
414 138
12 229
410 216
339 306
127 118
357 193
312 364
488 311
98 4
486 399
253 460
344 96
267 114
218 251
491 211
168 269
70 451
62 233
82 204
263 451
465 6
379 423
442 359
250 87
345 177
470 446
422 125
249 183
425 236
320 148
191 361
345 33
271 316
301 19
336 8
338 407
322 273
287 92
426 260
260 16
364 27
455 349
214 239
59 10
186 215
325 331
8 231
406 377
343 462
483 310
173 51
394 63
264 288
278 461
198 73
278 253
393 413
478 37
487 30
268 220
345 34
93 90
114 223
499 196
114 233
385 223
65 70
168 163
63 87
25 11
101 430
212 188
195 326
407 320
184 417
31 316
1 238
133 35
213 131
277 325
211 130
143 100
456 449
4 350
188 228
5 290
397 257
467 53
260 388
163 217
441 28
417 470
275 331
371 5
159 83
475 81
287 353
127 406
400 283
431 328
31 144
390 446
307 463
122 153
141 336
132 169
382 45
149 134
123 292
468 24
127 81
467 239
128 474
171 209
355 254
189 186
190 229
496 181
188 340
418 280
421 417
476 378
341 258
165 53
250 434
297 42
108 202
268 155
70 72
55 137
54 259
9 192
269 160
366 442
287 286
359 277
273 66
215 124
262 96
329 357
378 41
62 19
56 273
369 92
269 437
208 394
174 355
455 367
398 342
168 416
306 99
114 88
444 301
60 234
212 246
67 354
291 121
84 244
73 11
3 166
373 97
444 405
74 499
287 273
120 155
287 98
18 342
477 410
495 350
290 95
440 114
43 205
248 425
73 412
93 222
263 188
287 490
67 158
220 117
189 64
174 224
325 203
249 299
196 443
110 80
97 371
327 322
48 100
292 87
97 122
277 316
107 426
267 157
204 225
115 27
262 25
372 142
265 193
116 498
430 145
382 486
120 226
172 161
294 468
265 354
464 284
470 206
319 288
362 35
220 38
334 495
395 18
272 253
159 495
131 333
265 348
452 110
49 103
25 396
212 46
287 186
156 440
257 327
132 128
266 271
99 452
454 129
86 490
445 132
221 86
394 66
400 282
325 489
333 376
290 156
72 189
374 127
56 384
492 436
192 85
49 416
8 282
495 374
375 341
465 228
252 96
162 241
350 77
396 330
347 353
261 232
39 244
485 218
343 192
96 104
30 250
83 222
475 340
401 321
421 26
366 310
250 485
181 7
343 251
50 23
126 491
139 236
87 194
366 483
181 437
195 456
27 274
105 235
10 84
183 415
362 299
492 371
118 11
72 232
2 223
48 74
375 301
270 329
60 248
69 43
375 281
180 482
264 355
99 121
285 215
329 173
430 232
434 366
270 195
348 7
157 120
83 44
456 107
490 253
130 237
254 338
140 205
180 471
366 59
123 55
146 329
87 159
40 268
154 152
53 146
284 353
472 397
419 115
155 73
110 17
261 353
289 115
244 463
475 266
345 162
275 216
111 145
133 382
449 477
318 271
252 326
65 421
216 265
185 120
170 312
214 466
345 432
445 161
378 63
152 109
153 24
79 482
80 289
46 392
330 477
212 233
247 83
279 496
331 149
457 100
276 446
171 83
444 327
262 399
31 378
373 30
353 292
480 333
381 200
119 448
165 395
296 380
456 167
33 142
322 155
45 8
266 32
288 158
233 40
103 466
227 484
471 110
200 392
324 62
200 327
322 120
191 144
385 44
87 352
273 453
499 416
278 244
336 308
333 198
162 488
243 63
388 333
110 332
465 367
56 97
311 110
488 332
426 230
205 108
391 93
104 305
109 192
58 448
100 49
468 287
358 336
225 41
436 243
347 36
291 180
290 318
490 462
42 493
295 302
3 387
66 100
294 150
447 471
98 494
190 126
222 469
453 250
440 33
362 304
132 331
67 163
394 134
75 253
141 394
76 24
29 111
309 346
240 344
157 175
442 432
187 352
387 429
322 286
58 157
308 428
119 191
133 331
312 323
113 391
269 142
134 148
122 229
179 155
157 340
87 430
462 288
165 337
29 435
12 224
2 10
453 375
186 241
359 250
480 6
280 451
222 487
355 174
214 247
192 34
113 212
264 70
243 205
294 127
413 237
410 366
79 177
242 350
283 183
435 191
427 51
364 78
338 424
204 316
211 462
88 135
228 383
479 40
388 191
482 486
317 245
457 347
328 407
222 66
307 315
324 406
471 236
409 198
337 214
422 269
367 126
452 278
233 372
371 27
263 299
52 69
459 494
114 22
249 31
338 43
250 117
156 314
154 416
398 307
376 122
335 409
445 117
312 203
193 286
276 424
495 480
402 317
39 369
142 324
426 376
386 273
147 351
246 448
203 147
289 54
422 20
378 129
242 490
408 280
161 106
364 329
29 411
239 130
385 300
266 346
251 194
287 466
337 287
198 113
93 38
402 371
173 458
436 226
17 359
354 478
268 450
364 437
45 375
300 169
475 471
166 431
427 321
152 476
161 391
337 55
307 427
54 101
4 413
462 461
190 110
83 68
295 210
60 401
264 17
447 476
402 204
106 307
316 425
485 497
364 203
173 370
349 275
402 128
164 430
131 202
258 234
423 439
438 279
229 304
158 293
349 439
296 163
187 66
283 415
47 380
87 401
17 164
460 209
106 472
472 392
260 442
334 328
183 16
190 107
404 413
105 437
71 226
8 189
62 165
388 117
287 299
316 108
423 175
331 345
34 360
124 196
11 136
485 124
109 198
480 221
286 486
329 229
331 424
154 366
385 359
61 308
274 383
356 133
193 87
174 161
226 491
268 484
17 393
261 158
463 388
283 446
427 64
27 32
228 435
427 448
145 38
281 181
486 406
5 111
254 192
147 321
315 306
465 79
28 143
39 58
385 199
169 285
103 65
435 471
243 94
247 8
35 147
42 486
350 318
304 59
38 301
60 246
125 455
469 26
185 74
217 416
24 302
487 18
279 273
209 383
468 154
327 73
420 129
347 48
485 476
351 74
146 402
338 258
310 92
304 379
367 146
493 147
348 370
444 184
113 58
180 185
360 95
228 226
439 325
238 200
410 465
311 471
321 174
387 201
208 114
255 378
116 480
426 380
459 213
289 140
243 37
280 444
7 287
33 284
192 84
443 302
263 423
360 11
386 462
96 224
452 57
247 217
217 18
266 84
294 406
483 488
406 424
259 259
257 95
166 306
107 467
390 60
186 218
452 178
136 290
35 436
327 407
258 144
93 381
434 301
400 436
262 89
478 132
417 332
57 77
2 121
86 496
174 234
245 8
137 45
459 485
131 384
470 99
125 16
482 306
259 40
43 342
421 74
489 351
177 118
344 112
365 54
45 426
465 221
131 485
188 211
455 27
288 279
78 185
147 302
394 14
77 14
432 42
379 399
94 34
398 369
492 248
112 480
335 415
252 347
403 225
449 18
252 360
291 205
327 492
303 397
486 413
174 279
145 149
298 409
258 369
241 54
107 180
131 469
451 268
197 276
398 474
69 112
325 436
445 116
99 462
228 387
439 411
57 336
441 365
247 211
190 304
400 148
299 331
318 430
324 346
208 443
23 251
159 3
359 35
369 286
103 393
400 185
223 268
459 386
315 232
218 166
259 145
7 15
149 215
408 243
385 292
461 67
350 401
165 101
189 19
340 90
365 393
138 395
101 473
153 284
266 340
69 164
382 311
231 366
216 410
242 4
428 411
227 289
379 175
224 428
35 136
404 434
333 273
435 459
14 42
52 299
34 229
476 141
49 106
132 259
304 492
247 240
330 25
9 239
254 452
263 1
325 182
112 199
6 129
25 209
40 409
390 49
433 94
76 252
236 231
246 80
389 27
276 452
85 340
139 484
187 467
304 217
164 350
62 248
439 73
353 140
259 303
19 206
111 178
320 498
260 445
13 81
209 304
406 405
488 416
398 78
447 16
313 46
124 281
189 202
464 124
79 370
477 434
391 251
469 117
454 229
256 169
47 150
109 259
266 432
110 358
73 303
488 159
19 4
101 35
70 3
19 175
364 431
355 6
174 235
395 373
232 194
92 274
258 13
3 224
282 186
273 59
196 111
153 429
436 451
432 240
403 182
81 396
77 395
222 189
12 278
130 203
176 231
299 89
466 271
224 332
93 411
114 318
120 360
488 336
169 484
77 324
419 248
91 14
7 28
408 292
430 100
60 481
412 462
358 462
127 477
242 67
223 355
307 154
413 308
144 41
243 436
227 464
30 205
290 285
118 458
375 86
407 377
374 456
91 382
234 347
96 359
312 414
442 183
330 197
225 101
134 168
223 183
228 307
52 425
451 212
277 367
365 414
486 278
175 487
491 333
28 353
447 324
369 71
24 322
229 491
132 184
89 135
74 28
488 28
334 14
210 400
475 366
420 181
360 362
44 482
175 325
294 452
299 62
106 226
482 217
268 212
368 107
391 142
87 122
206 236
106 482
337 31
377 159
473 437
36 175
441 124
407 352
159 373
64 438
316 332
101 205
192 300
261 16
271 316
260 58
461 373
26 300
394 152
50 28
461 81
30 134
398 200
197 199
164 289
261 185
117 184
349 154
166 84
294 20
482 60
388 387
304 135
250 254
122 479
323 92
136 400
483 78
89 153
233 353
405 380
238 28
102 67
104 492
160 147
446 333
133 362
325 428
182 180
371 132
459 297
18 279
374 268
310 283
156 19
35 26
163 30
269 316
204 458
353 397
471 6
64 497
321 445
401 258
218 308
496 395
485 479
10 408
267 477
210 109
143 69
423 81
78 185
483 39
434 329
23 253
426 33
76 141
296 202
369 216
320 380
105 199
333 414
347 395
121 446
32 241
189 74
217 427
464 25
51 470
220 452
435 279
462 319
371 372
115 453
141 280
262 499
444 240
484 463
260 184
498 366
2 488
384 492
45 223
9 295
154 295
330 108
149 409
8 316
82 331
24 137
131 126
462 175
156 290
475 29
260 364
207 204
405 181
388 117
114 203
264 460
57 207
467 327
134 402
233 154
81 214
213 252
70 314
66 216
134 308
128 182
286 371
30 394
386 200
256 487
492 21
197 209
51 396
490 438
291 385
383 451
205 284
299 431
347 301
48 289
139 201
473 428
378 123
390 276
167 268
299 472
425 400
494 279
368 254
321 115
250 124
216 255
448 461
428 467
477 99
176 456
87 131
441 237
40 402
200 121
92 143
400 322
11 110
471 188
212 492
17 83
112 41
310 178
432 3
368 33
232 185
175 372
462 231
305 85
496 51
32 25
341 136
5 5
281 94
279 116
379 492
477 109
200 296
196 60
281 270
183 406
77 439
459 415
494 405
10 314
244 201
72 225
353 241
210 174
165 448
286 424
293 452
201 100
81 237
64 98
415 87
193 221
114 382
319 479
368 400
224 167
390 438
179 22
97 401
25 453
149 461
28 257
425 82
490 64
107 411
251 339
336 393
492 116
38 417
360 127
163 186
89 110
300 392
127 488
2 41
257 238
52 187
125 298
497 317
475 203
313 241
230 273
35 339
23 66
183 353
225 243
433 440
289 450
22 266
263 242
206 49
63 384
248 96
405 369
36 76
67 281
404 362
432 166
318 278
63 357
313 414
45 348
246 244
402 31
190 449
124 462
407 402
434 166
64 373
128 225
254 270
449 122
455 443
74 293
321 452
101 383
394 114
349 394
275 154
220 151
171 167
349 286
413 233
235 468
62 193
166 156
172 493
448 92
35 80
460 294
158 421
458 281
87 273
34 307
156 41
134 278
375 329
196 380
371 23
158 49
303 175
81 370
491 131
4 101
287 111
143 316
412 489
144 18
263 7
66 219
423 360
464 356
448 333
50 97
61 63
489 256
203 91
243 316
482 283
426 434
45 123
336 419
218 156
146 84
142 83
106 130
126 126
456 253
135 113
138 177
495 239
444 49
59 166
217 99
308 189
79 455
68 474
195 206
364 213
343 341
357 326
84 41
403 193
473 323
427 134
244 173
125 473
259 73
442 384
450 137
473 42
87 449
102 101
206 37
17 6
289 137
153 407
384 332
278 247
67 467
366 456
340 338
84 164
110 11
59 167
388 276
326 290
107 22
255 147
95 432
22 133
362 228
378 107
183 311
150 181
495 493
241 105
371 441
79 223
347 38
494 312
334 445
28 323
217 351
459 157
169 241
200 123
487 385
181 307
341 421
234 462
314 453
221 356
268 44
162 61
215 196
484 429
463 235
143 263
416 3
115 157
326 91
32 423
71 384
142 479
494 196
308 65
261 31
337 119
263 174
31 341
142 18
235 344
190 86
457 26
150 210
78 423
426 26
67 467
176 229
160 67
111 364
265 80
496 244
49 239
181 187
456 156
453 219
212 86
97 401
384 234
391 341
480 68
470 6
343 422
374 397
327 254
79 156
423 294
269 382
39 391
328 198
445 249
220 336
77 39
306 91
445 79
35 137
68 279
224 274
356 378
115 361
105 271
105 218
473 232
376 16
12 263
167 262
136 184
370 440
131 363
210 196
86 157
199 401
131 285
89 434
137 255
403 73
408 241
289 423
108 188
358 363
331 82
390 217
147 252
116 326
314 133
34 71
134 235
498 439
59 428
34 27
294 284
367 178
308 191
481 88
277 244
478 57
383 196
352 95
328 246
100 267
70 309
499 147
168 107
109 311
313 92
136 135
158 243
155 178
146 253
227 62
18 44
255 138
368 484
94 341
34 498
318 490
206 96
65 35
270 452
313 268
400 267
174 195
427 26
172 284
450 356
108 452
223 162
168 132
40 259
238 300
48 162
71 403
323 344
39 259
466 162
246 108
155 223
117 20
402 87
293 117
96 224
41 74
216 61
187 369
463 4
195 135
322 138
447 439
398 414
185 188
271 337
236 124
159 24
406 291
320 23
197 206
479 82
407 108
142 152
289 384
471 389
338 78
461 21
390 145
41 16
198 312
485 73
487 455
78 107
310 435
446 486
388 195
239 464
412 427
406 384
340 440
5 3
297 379
241 419
269 379
186 372
184 108
166 497
118 62
12 414
317 393
265 205
217 436
372 145
97 179
133 450
416 390
125 5
78 476
4 123
422 173
321 374
496 185
302 264
210 265
174 94
19 188
179 412
93 488
201 215
178 434
449 351
260 48
480 412
130 423
404 216
242 42
323 68
471 267
299 320
78 331
109 497
65 475
217 310
323 439
16 290
245 340
154 241
429 34
421 202
208 51
286 382
282 142
372 63
313 254
66 336
282 164
463 169
188 406
47 37
457 164
26 16
103 163
192 324
336 275
384 185
428 56
417 421
139 262
32 406
361 65
467 251
285 8
232 182
461 118
487 404
356 68
399 316
491 324
358 62
331 2
355 267
479 180
216 4
243 363
147 205
466 311
277 296
229 228
314 423
320 119
454 331
175 480
366 44
497 287
130 333
18 395
14 247
222 342
73 166
10 187
79 468
410 321
229 128
95 200
222 383
321 71
169 295
452 444
185 323
174 203
492 60
451 312
415 173
156 39
75 316
360 305
207 382
202 113
462 10
304 222
375 433
380 213
87 339
445 389
68 252
243 149
237 93
8 35
259 231
174 414
442 140
9 35
278 356
399 43
132 405
132 401
451 4
405 322
408 98
445 413
383 20
324 147
465 380
382 104
22 267
259 53
213 322
483 412
124 438
274 197
492 84
168 472
109 119
350 109
112 467
123 147
388 293
67 492
335 430
82 135
259 471
400 50
333 257
64 273
223 217
271 38
30 133
27 367
469 374
120 364
153 103
168 302
106 168
144 155
334 281
261 96
484 218
341 447
447 85
26 159
124 469
259 137
117 157
368 486
37 484
242 435
222 107
105 372
209 69
30 405
44 155
312 481
5 412
442 73
285 95
385 116
322 210
18 109
316 400
282 45
46 6
127 173
174 33
323 99
296 76
333 15
147 395
24 44
89 382
304 343
436 140
300 123
52 96
316 297
13 461
121 371
408 312
340 183
75 366
147 338
151 361
97 481
223 253
479 143
424 307
171 485
334 411
447 1
17 139
83 355
88 7
328 74
244 185
26 474
118 412
12 17
459 335
52 381
313 485
68 30
25 83
72 377
475 19
173 413
340 386
53 51
228 431
1 375
252 76
321 170
202 373
123 24
310 423
221 217
111 296
478 471
117 450
422 488
336 389
95 211
14 112
439 146
82 149
186 200
433 250
417 271
102 428
116 216
50 268
325 318
109 374
373 280
327 27
384 378
216 72
178 367
78 187
368 258
486 98
329 74
361 450
115 323
424 371
499 48
335 104
22 317
459 324
300 323
222 171
375 216
31 113
361 297
423 10
270 24
12 301
422 49
307 218
203 14
262 395
176 423
103 352
206 412
282 85
449 454
186 3
418 75
21 200
149 285
183 383
66 244
67 137
380 193
299 409
15 304
229 353
475 373
169 23
489 290
341 418
136 313
420 285
74 94
302 248
329 71
2 133
375 278
422 330
7 453
339 249
309 416
396 317
82 351
416 278
106 168
413 424
166 488
140 245
306 448
8 324
341 87
178 298
328 188
400 305
290 186
131 329
256 293
414 12
79 379
204 359
156 476
438 469
139 77
178 461
116 338
292 180
429 444
496 163
260 115
344 484
466 36
403 207
52 252
402 344
166 392
109 132
250 145
68 196
429 369
491 320
32 47
261 191
287 479
204 383
203 209
431 114
228 355
448 418
280 53
466 88
377 152
407 56
224 305
128 429
211 275
165 61
151 365
430 350
160 361
76 291
37 320
165 144
353 223
82 323
340 245
39 312
486 405
464 441
27 294
88 466
406 234
136 212
233 474
155 266
195 389
31 54
442 204
250 252
375 223
477 203
156 207
80 94
405 226
19 298
85 492
421 467
459 26
426 328
110 188
215 64
59 13
321 148
37 285
409 313
168 300
359 86
222 71
428 284
415 375
276 467
473 60
221 9
129 315
474 62
236 440
457 168
390 264
194 352
84 57
111 463
264 322
52 479
24 184
415 76
272 210
7 231
282 268
150 201
129 144
2 10
383 303
369 423
448 52
188 43
273 276
29 169
58 281
237 381
406 160
315 252
475 276
489 168
312 357
226 99
374 395
20 216
317 121
148 58
391 156
319 208
371 83
134 344
493 476
66 183
486 168
294 430
85 105
275 210
392 412
196 402
114 353
394 237
333 365
168 7
294 34
453 334
9 33
301 498
495 10
171 350
106 6
75 279
292 85
34 257
474 198
51 145
402 89
26 282
158 421
418 108
96 19
100 453
14 165
367 409
253 359
206 176
347 81
322 429
252 200
90 114
368 303
374 481
149 64
115 172
466 145
124 147
108 58
48 385
233 180
472 317
268 418
233 203
435 49
258 206
108 80
98 287
12 386
246 321
306 212
344 318
212 261
167 31
119 176
103 455
245 140
152 46
496 296
363 403
239 481
418 35
252 340
10 447
363 132
330 483
56 221
273 436
251 156
115 453
287 38
100 472
202 60
164 284
195 157
442 367
358 41
370 74
193 209
417 418
323 167
191 194
364 5
136 218
28 440
489 244
224 474
312 299
73 182
264 406
224 357
7 341
67 138
432 262
153 270
260 363
208 119
180 97
422 340
261 43
354 140
435 357
130 194
126 259
335 183
237 443
398 469
405 498
416 322
13 367
332 184
157 265
217 97
55 80
225 197
449 176
201 180
245 417
368 66
79 44
33 6
477 326
408 346
260 118
218 264
175 483
133 259
347 361
499 301
374 259
29 71
391 142
107 499
123 40
99 321
2 20
178 301
165 27
212 305
45 276
199 477
27 226
51 435
336 331
386 152
306 37
141 413
258 274
348 287
148 111
36 55
439 367
403 349
440 372
482 229
487 297
44 280
175 42
440 115
404 239
442 69
368 1
262 424
396 239
420 496
218 214
382 332
410 43
398 279
96 47
251 150
356 457
336 357
384 184
251 107
247 103
162 134
191 280
8 13
134 183
151 270
448 250
290 412
103 187
314 16
2 184
47 437
483 182
250 84
62 317
461 256
492 434
497 178
223 390
382 163
485 472
316 410
290 420
245 66
282 175
348 215
69 264
297 393
16 464
341 95
242 407
276 206
207 93
308 103
273 68
161 3
85 215
7 257
419 383
312 443
380 444
180 162
245 498
101 302
436 62
355 60
422 428
352 123
459 389
454 408
404 393
345 119
423 7
426 409
237 477
334 400
289 199
389 162
57 51
236 8
3 33
354 371
248 127
116 197
161 271
10 166
72 425
313 357
244 32
76 286
135 154
473 185
464 62
292 452
162 330
485 214
50 33
463 255
108 363
311 346
272 404
491 101
153 19
186 263
24 307
114 250
113 31
396 420
184 99
288 57
143 115
7 199
251 359
393 371
146 247
489 110
140 75
168 280
107 373
51 49
353 271
407 378
47 283
145 252
478 56
103 419
95 267
440 215
328 81
75 436
485 7
279 361
472 108
203 88
81 443
58 344
126 235
349 226
412 231
24 9
455 366
178 475
431 403
310 190
188 27
294 486
113 403
153 247
172 266
463 247
311 461
14 388
445 39
201 170
382 18
117 11
243 337
441 317
404 348
200 299
461 138
98 488
296 58
489 392
452 323
238 237
232 229
421 136
450 370
46 210
246 403
63 484
494 100
336 329
235 271
217 398
74 123
430 392
364 473
152 218
427 356
260 260
206 270
161 137
389 129
266 10
410 407
419 126
75 462
120 350
150 197
189 81
81 290
441 277
165 452
493 416
100 21
381 122
333 461
482 244
322 80
242 481
91 25
343 226
224 493
422 249
168 469
412 378
104 77
410 461
380 16
59 372
434 140
1 171
30 375
290 162
98 215
124 383
321 183
187 211
51 48
450 43
272 87
6 439
445 449
107 265
46 456
217 279
334 116
151 99
234 116
181 16
53 358
487 283
260 372
371 307
343 12
292 372
224 333
367 77
318 223
108 301
347 169
82 123
284 220
340 382
234 136
50 452
155 37
352 30
14 498
69 239
232 381
26 78
76 453
183 77
304 215
92 403
103 461
285 293
217 244
103 303
233 122
31 218
285 428
116 30
71 170
324 233
457 177
294 252
54 235
159 455
265 80
29 145
457 213
96 298
473 244
403 369
20 380
443 250
217 232
131 103
409 480
433 342
124 344
427 267
439 56
277 412
24 332
57 453
210 10
172 32
110 38
138 9
240 472
253 125
430 440
14 472
343 173
264 34
441 273
454 256
479 116
427 419
121 325
354 279
201 460
276 415
182 444
499 285
32 156
214 37
270 293
332 342
53 135
27 96
439 49
9 243
33 314
9 362
239 59
296 102
210 65
31 485
316 442
360 8
52 93
461 319
129 294
98 392
401 86
193 283
282 489
226 347
418 424
71 394
222 12
274 472
446 207
176 209
375 153
199 237
6 171
296 176
2 146
417 223
158 121
216 446
73 321
189 34
129 84
314 136
3 470
415 124
348 465
425 41
123 340
351 482
181 212
357 444
37 232
301 441
2 269
317 140
20 164
176 284
451 5
245 246
419 5
160 367
143 25
239 242
166 292
395 472
262 124
364 324
181 308
45 88
495 328
375 382
205 215
305 9
37 85
77 355
386 9
207 450
428 216
225 251
123 46
41 62
379 81
170 10
284 446
388 388
153 266
73 247
323 435
143 338
437 73
386 77
6 439
95 118
497 101
262 445
453 62
114 190
481 193
93 319
424 25
97 391
14 19
412 86
198 428
148 382
320 430
284 197
479 244
479 439
424 490
304 333
377 314
473 33
8 290
435 354
113 493
325 274
251 313
157 199
5 296
227 392
398 50
498 43
80 279
326 84
220 127
124 73
316 404
444 47
450 293
21 160
417 87
314 37
174 156
416 377
487 399
175 367
421 39
430 155
248 156
386 411
273 336
101 416
404 248
112 295
290 254
464 82
444 225
204 21
483 144
106 482
469 39
381 105
459 279
480 341
367 336
448 287
267 115
63 4
356 301
99 282
311 239
250 135
131 476
58 335
463 117
453 485
378 61
243 103
409 329
435 57
229 38
123 395
414 369
490 246
101 29
348 346
89 332
228 401
375 46
268 282
330 409
174 476
377 437
39 451
93 377
134 463
400 111
359 204
210 94
240 110
112 165
193 79
312 233
302 118
183 215
38 85
149 275
215 477
422 477
220 42
364 50
401 316
156 85
59 50
426 346
436 438
467 381
107 11
487 115
366 283
363 278
177 320
83 329
495 294
49 118
280 121
80 340
26 166
485 131
158 103
30 123
37 405
340 228
202 153
166 24
446 319
22 238
267 145
429 301
57 379
153 270
401 451
348 305
347 6
445 414
248 376
187 164
27 481
318 359
72 121
173 38
466 372
105 54
409 229
298 173
27 467
474 47
259 42
49 96
387 184
36 54
174 360
192 444
86 9
102 14
486 339
229 298
238 267
121 216
73 449
23 61
356 193
36 266
461 428
356 60
371 188
477 229
64 134
255 208
182 124
172 490
304 495
224 265
429 112
233 230
267 147
29 354
183 101
215 162
110 461
46 483
235 176
62 47
175 312
173 333
163 315
398 288
259 451
1 152
368 254
206 1
173 361
196 317
477 459
353 22
494 497
161 339
388 86
278 374
234 356
300 316
331 101
278 426
187 25
450 324
475 176
274 378
289 173
181 442
40 2
8 214
333 53
13 276
377 292
88 114
54 183
418 461
456 233
340 241
87 324
174 372
164 452
411 125
206 475
172 440
275 406
379 303
441 378
194 491
6 304
485 326
384 78
167 464
171 200
213 135
50 486
360 383
172 212
8 418
106 442
67 475
19 479
52 308
7 378
296 116
24 202
21 309
211 152
360 99
228 409
212 47
490 252
80 314
135 254
396 438
249 419
1 418
183 448
288 211
496 184
70 372
492 91
166 189
495 244
262 159
300 52
143 486
18 482
405 188
401 213
238 226
484 203
226 395
116 264
422 31
497 283
212 119
274 123
235 402
422 335
210 425
262 32
389 91
234 400
129 302
319 357
159 121
209 20
79 404
239 2
310 230
148 370
241 122
310 227
317 143
180 255
14 126
75 177
82 54
321 8
438 315
203 8
422 478
40 477
306 68
256 93
103 222
483 95
77 396
298 242
338 344
326 67
41 432
385 415
485 172
30 226
469 114
370 446
288 394
237 341
129 98
182 85
141 32
175 459
285 329
207 386
132 33
194 83
68 194
293 154
181 471
36 223
467 455
463 133
45 476
133 178
256 371
444 159
248 16
22 170
419 25
417 131
438 223
53 406
40 486
396 6
340 477
78 199
379 252
42 486
37 127
20 66
84 211
280 272
31 464
463 118
40 330
213 380
294 133
298 200
131 40
209 270
32 116
488 125
391 402
162 133
420 209
241 48
261 243
370 342
348 430
380 434
345 450
383 71
482 275
87 12
139 374
388 191
168 10
326 195
282 444
456 334
281 381
70 246
490 295
132 200
166 395
339 351
168 44
452 445
354 476
218 340
17 5
264 320
14 56
233 226
169 362
19 139
213 323
305 92
432 463
133 443
189 104
276 357
383 316
363 353
15 76
26 5
290 151
465 389
308 121
61 108
31 74
251 8
459 494
354 101
357 303
440 392
139 443
62 423
385 55
145 186
283 220
419 412
468 144
485 22
387 11
246 369
428 248
219 350
69 64
328 489
411 251
26 389
382 159
377 128
496 15
338 255
188 186
246 343
228 478
106 277
47 21
427 176
346 12
138 406
296 453
51 403
194 452
6 99
390 418
231 350
379 370
107 265
180 236
48 66
163 358
133 26
6 68
258 288
263 443
244 84
330 29
100 246
299 202
9 68
6 379
192 337
468 269
118 120
376 413
223 255
277 77
303 124
446 200
261 187
349 328
482 61
429 287
283 267
397 162
158 484
16 403
20 350
61 127
233 52
94 215
283 350
304 222
437 458
49 311
261 460
113 310
375 309
373 422
328 384
193 117
490 48
288 478
18 184
217 266
169 368
111 174
491 159
11 59
343 54
90 169
35 34
224 32
489 258
190 51
324 86
106 227
86 225
331 401
120 166
221 417
35 301
27 75
447 48
387 330
256 194
28 37
342 362
247 37
124 237
458 52
489 283
319 365
227 214
294 139
101 164
249 496
68 230
62 232
56 417
331 118
326 416
369 262
460 256
11 94
341 52
13 296
416 494
120 16
423 289
479 444
200 154
425 392
228 121
242 158
391 61
98 496
467 219
443 345
265 241
317 375
195 30
113 208
145 193
129 210
236 294
444 244
198 363
128 106
234 100
14 355
127 80
302 25
306 322
488 147
457 294
285 326
209 184
264 365
163 333
476 263
75 344
229 277
12 275
166 213
298 430
146 154
263 16
196 217
8 210
13 76
480 48
2 28
116 305
310 391
394 147
456 223
420 180
201 59
49 296
183 476
433 9
117 263
198 37
147 401
337 99
220 207
367 398
417 169
57 253
202 177
321 267
184 100
207 317
177 452
73 465
409 151
184 332
101 437
447 300
494 329
414 245
396 71
91 12
33 34
281 483
491 385
251 483
138 360
54 79
425 69
215 244
273 345
260 279
143 166
87 147
484 481
382 407
498 132
467 383
299 259
471 354
499 359
309 189
426 190
411 208
81 233
42 494
411 492
466 287
266 303
103 278
467 492
271 128
21 169
296 246
290 64
232 111
434 377
237 211
434 348
459 410
465 397
64 407
101 235
61 218
162 426
335 339
351 159
48 261
345 417
120 259
303 260
268 379
62 132
78 64
297 29
473 360
149 10
491 436
27 140
290 189
86 237
1 98
373 36
311 313
352 377
12 459
463 436
30 177
167 491
293 42
317 56
68 440
475 402
255 100
474 102
11 443
425 57
323 302
75 227
121 499
166 176
350 341
207 480
297 278
464 385
355 359
494 127
399 68
334 321
64 121
130 482
125 105
496 110
156 482
106 403
140 297
148 110
491 11
94 367
352 67
209 243
409 65
437 314
130 146
14 410
427 411
2 493
345 178
271 196
21 106
416 231
75 323
77 410
159 187
86 169
41 266
56 456
391 498
317 302
294 333
37 59
155 239
242 387
302 481
259 317
332 257
206 286
270 234
94 258
220 387
415 469
412 135
445 249
394 62
151 106
338 350
85 207
184 1
365 491
326 184
260 3
379 415
327 323
115 444
496 129
400 78
412 399
121 113
390 83
53 255
481 238
304 255
314 14
497 348
437 333
322 284
21 141
2 377
146 182
149 374
425 291
4 333
213 222
416 408
475 431
197 438
199 168
385 78
120 376
389 293
52 368
122 294
38 239
58 23
91 6
67 289
228 498
256 81
210 196
268 162
395 400
9 363
495 410
39 37
1 437
249 443
494 466
93 219
367 317
111 340
149 28
439 40
55 293
426 275
327 212
151 188
245 120
392 42
42 2
48 283
426 73
377 286
194 303
97 441
441 27
40 304
257 106
66 258
104 445
40 254
477 140
183 370
259 477
494 263
372 392
39 31
61 340
21 231
327 24
97 73
346 22
321 429
304 108
332 11
270 420
335 60
283 347
136 134
423 138
69 104
162 356
251 123
443 323
157 465
214 136
245 140
210 110
23 394
63 118
293 243
188 429
290 233
189 408
425 270
442 429
311 212
210 483
465 363
165 35
54 111
454 381
219 376
309 65
197 64
158 420
58 325
10 320
256 45
388 336
22 401
282 316
46 452
421 440
485 83
35 15
167 55
488 345
259 438
84 48
95 148
225 134
68 337
418 416
331 116
8 365
11 210
438 210
170 384
386 401
460 403
404 106
298 438
236 390
125 208
438 367
428 1
364 29
415 33
248 274
383 273
277 285
54 90
20 290
340 452
379 12
95 228
84 467
401 399
99 141
340 235
197 403
310 64
80 11
190 459
70 264
226 335
365 338
259 412
71 173
410 83
360 167
362 27
369 157
409 258
412 283
436 167
214 331
233 4
37 365
222 475
45 188
316 56
35 466
167 468
152 449
461 141
330 295
193 303
117 197
330 353
116 210
384 471
410 366
417 481
327 430
317 496
268 235
301 73
430 11
115 326
365 237
18 445
320 38
114 35
309 14
331 282
415 405
350 21
230 409
399 398
400 67
151 420
223 414
361 469
234 36
454 8
356 57
447 329
45 5
287 142
122 35
168 135
232 465
245 174
197 200
122 132
207 250
103 96
448 355
482 54
109 183
339 318
56 396
72 36
174 198
183 103
489 144
321 425
25 160
9 468
317 444
81 494
196 375
322 197
23 473
41 486
227 121
332 405
77 249
364 362
421 366
453 8
300 275
480 28
349 50
387 124
456 21
175 335
346 149
11 195
139 430
111 315
103 260
183 449
354 411
297 78
108 372
41 187
54 430
287 152
126 80
241 65
352 400
384 211
412 467
134 240
104 325
415 418
489 236
157 8
397 185
414 310
224 221
455 360
453 14
276 394
246 68
203 325
51 76
249 303
256 411
382 430
95 415
77 50
345 416
414 45
108 366
466 421
362 112
119 82
55 410
164 104
280 450
189 135
458 334
112 387
157 291
320 463
22 128
144 485
310 266
352 287
122 330
22 32
22 424
60 279
190 355
396 426
239 122
476 127
351 481
496 298
36 422
448 71
462 72
147 204
482 301
373 497
63 231
356 427
133 151
59 30
228 342
95 50
222 198
237 410
93 497
483 168
309 250
454 113
448 60
178 333
285 219
414 263
258 378
407 31
323 228
208 141
171 135
51 179
125 372
296 69
397 31
479 371
117 265
12 241
288 477
200 106
236 323
129 317
111 254
13 44
394 483
71 84
36 168
58 474
25 194
101 431
112 392
417 24
435 235
405 118
263 312
308 393
86 82
371 72
81 32
415 264
30 416
31 259
232 115
431 277
142 372
455 248
150 293
146 354
283 137
55 318
87 441
30 352
407 246
491 430
59 443
226 389
187 331
262 272
71 356
305 202
496 119
202 312
71 169
301 399
484 232
462 30
171 430
19 178
193 258
158 71
103 302
280 144
205 367
365 356
261 245
275 404
17 263
456 331
297 353
38 297
248 26
162 379
42 77
247 208
335 379
271 104
158 3
124 349
45 344
63 158
450 282
315 78
142 161
392 389
32 479
239 207
209 150
242 14
120 368
425 329
284 78
51 393
106 150
178 188
71 195
85 49
67 274
238 42
234 224
84 232
238 154
148 225
306 132
21 424
432 269
209 57
160 307
172 23
357 16
157 210
114 338
179 450
47 299
339 359
357 469
261 27
41 155
57 272
69 163
235 419
345 15
374 409
480 387
145 377
269 69
488 335
442 303
8 349
119 436
455 3
13 50
48 280
488 292
221 40
284 89
146 94
474 173
362 334
385 424
486 340
30 68
407 11
473 295
314 309
495 337
322 341
41 242
302 56
465 128
490 166
342 103
294 99
351 157
220 96
187 105
271 412
62 74
332 460
362 391
406 78
485 106
8 4
169 154
130 324
254 60
263 299
485 430
298 84
491 39
26 117
35 405
425 361
199 304
100 345
107 498
63 481
363 430
168 250
130 454
138 306
48 293
314 373
396 322
302 306
59 303
48 371
253 17
98 58
90 247
393 346
359 425
212 240
436 309
392 300
360 22
173 78
177 312
190 150
404 49
462 259
231 3
216 444
327 15
352 111
122 41
334 148
322 231
497 328
57 384
215 251
318 83
318 266
345 243
166 62
223 117
315 389
101 304
130 257
436 269
155 43
419 457
366 165
227 168
483 77
321 470
131 25
115 329
45 141
193 267
184 14
474 159
261 130
475 207
92 306
383 141
252 358
212 227
10 132
267 394
492 208
411 88
213 359
107 374
200 174
386 498
113 250
125 494
81 208
257 177
154 237
46 294
340 50
472 281
94 229
297 358
318 54
436 276
302 247
43 253
454 256
303 30
460 126
105 268
370 90
431 398
191 287
428 91
323 113
193 43
21 276
227 342
11 473
95 253
422 428
297 43
437 448
304 15
404 427
260 27
343 355
248 156
326 345
349 103
111 464
173 212
375 404
37 314
15 354
35 372
485 135
393 126
28 343
256 213
366 28
373 249
374 462
317 453
5 335
233 207
267 197
328 16
156 190
30 24
468 23
118 370
201 352
433 453
498 290
319 134
125 137
194 226
119 162
140 135
397 390
80 404
45 412
13 335
274 445
153 225
305 257
182 192
393 456
427 310
108 471
252 429
242 200
49 146
182 471
428 92
39 152
497 469
236 421
487 28
2 262
240 309
393 156
185 278
472 215
275 283
63 380
25 170
260 255
489 368
149 249
33 240
212 337
273 90
404 100
265 483
265 307
110 335
101 80
282 190
53 306
339 283
188 200
45 281
114 159
272 64
50 23
201 481
385 473
235 70
125 286
24 301
205 460
181 206
466 279
116 138
217 192
450 180
79 277
356 360
325 190
497 214
144 103
291 341
357 369
492 17
200 172
228 256
330 461
193 333
59 367
287 62
53 39
441 489
136 238
172 392
200 189
233 75
272 360
485 239
294 426
404 129
398 14
264 183
356 416
131 461
281 449
197 213
458 446
111 278
160 284
205 77
484 450
316 332
463 364
343 452
281 45
26 263
258 265
294 193
117 270
473 85
224 322
48 153
300 189
150 295
9 318
119 184
138 97
35 306
356 174
191 184
488 88
238 2
127 64
446 486
147 430
432 245
239 120
464 421
269 488
112 55
266 423
27 105
131 39
329 498
257 2
283 36
454 290
205 492
2 181
425 462
434 302
112 34
482 433
186 2
145 7
496 315
32 462
76 195
264 266
313 379
469 375
227 397
300 217
70 71
281 54
481 86
143 213
395 474
99 448
188 292
155 426
100 181
218 336
364 327
53 437
154 380
280 243
452 242
295 10
467 111
54 78
98 344
263 4
301 167
251 406
389 496
363 161
94 384
155 440
382 216
268 486
423 138
259 64
420 428
233 297
20 173
231 195
312 214
325 337
371 296
405 278
404 463
293 27
341 36
279 356
26 389
408 195
90 372
29 418
415 275
332 463
343 254
165 218
117 243
250 342
213 433
236 362
451 29
61 168
296 349
314 175
272 391
366 121
295 303
463 395
83 252
472 289
30 477
230 64
136 257
384 54
150 408
101 202
295 275
485 130
83 219
92 412
432 81
430 186
448 438
104 12
420 349
80 335
315 234
15 363
387 54
328 227
123 449
460 230
90 329
288 429
13 68
132 66
328 100
10 463
361 38
156 32
391 417
171 192
126 78
458 5
25 247
138 200
129 258
392 480
472 258
326 412
134 390
67 411
294 330
102 385
19 177
132 116
66 462
156 129
273 24
228 73
162 474
64 35
140 91
151 403
294 172
55 320
60 306
160 28
155 451
324 164
146 491
450 238
67 465
3 484
254 474
93 288
389 71
270 231
376 340
443 415
437 293
296 224
123 378
26 15
294 399
460 110
435 385
1 2
18 23
221 55
185 381
49 423
450 321
418 248
312 156
430 242
112 184
231 305
12 440
210 483
140 58
242 132
380 146
196 445
157 205
360 79
481 100
367 261
126 150
490 218
134 470
63 120
330 62
150 2
304 414
108 89
267 323
11 24
441 318
70 330
353 167
497 164
210 358
267 248
92 135
7 222
153 397
98 338
81 158
416 107
274 71
166 157
106 196
320 400
170 467
348 269
179 499
36 34
236 215
196 146
105 435
369 227
73 325
157 344
236 43
350 59
83 113
84 129
28 424
461 230
463 198
479 269
469 204
235 25
200 119
22 277
418 256
313 293
374 385
457 381
448 113
173 78
77 493
142 111
121 15
37 480
156 90
40 451
272 266
46 216
102 289
482 394
404 457
107 155
338 67
479 129
311 298
333 63
264 57
244 322
305 314
444 11
411 456
129 44
42 312
475 83
237 309
260 53
166 6
129 477
146 365
392 23
84 180
28 449
44 465
458 480
464 490
88 117
87 179
461 69
307 466
448 57
325 12
118 334
487 57
484 148
143 263
382 212
200 133
389 302
129 189
372 21
381 479
33 26
402 17
366 123
372 134
269 400
407 491
438 127
269 163
134 1
255 92
288 136
375 119
146 82
224 256
234 160
431 251
231 360
245 288
135 298
366 155
475 10
215 246
30 186
18 341
118 175
457 466
194 206
228 373
73 84
76 115
384 335
311 269
431 107
427 40
418 320
222 254
92 53
199 62
123 10
47 291
110 341
409 447
397 426
142 219
264 413
174 101
228 422
392 62
234 57
402 11
5 222
488 252
304 172
237 120
25 462
79 231
42 61
198 221
295 25
262 367
198 474
16 368
467 67
201 64
473 474
479 335
395 322
427 442
307 408
421 50
489 144
267 9
297 263
81 327
175 225
152 488
41 343
269 114
391 42
472 211
107 104
346 48
129 223
414 279
488 50
58 454
377 299
76 450
249 353
7992 7485
6634 9129
5026 8084
1975 3993
8250 9769
1753 4474
5589 146
9413 5001
7132 699
1386 2360
2360 1176
7401 5845
4919 1926
7223 6174
9209 1802
3336 7285
7458 5401
3993 8556
1823 1386
3280 1876
9522 4771
4038 9822
1119 4299
3903 7992
986 6738
1093 6398
4611 6584
7097 4611
7249 4975
6080 7097
4844 6226
7377 7700
787 6556
7700 1672
6502 2352
5014 7879
6691 3327
5495 6838
2797 5310
5322 3794
1991 8889
6459 3000
9796 8643
7447 1554
8481 8361
4826 8753
8867 6459
4382 6164
1730 1209
4597 1975
6761 5293
8361 227
8643 5970
2837 1753
6617 2568
1619 5343
3233 8353
8455 9345
3130 2238
1900 5442
4879 7508
6121 3280
4255 2636
7485 7393
8526 551
7062 5495
854 3524
2024 7251
227 2436
1099 7306
4094 4382
1419 5589
8084 8867
3480 6761
2694 6662
4113 7458
6788 4005
1914 8481
6390 1185
1876 4880
7897 7223
5895 2366
5915 1099
2408 5014
8985 2736
1725 6378
6114 7242
2971 4141
8631 4717
6804 4741
6581 9517
9497 4421
4299 3800
2038 9209
809 2837
6838 6114
5343 1535
4471 6458
3389 2038
4741 6299
8362 854
7251 5186
7777 107
2238 3903
4509 6202
1994 4919
9345 6788
2932 1900
5508 1093
7181 7962
3900 5026
7962 4402
5310 6668
6274 1119
5845 4879
6677 2797
4019 7928
2617 2201
1950 1856
8477 1955
4717 5188
4110 8985
7033 7720
4880 787
7306 1387
7285 8880
7809 4255
9071 3394
5522 5518
4421 4122
2344 6691
8030 3130
5518 9796
7720 9049
1535 651
2786 7897
2436 8250
7879 715
6599 5165
4791 4330
3000 2971
4975 6390
6299 6502
5797 6465
3953 3684
6378 1994
9517 7553
7265 3249
4313 1991
1854 4844
7508 411
4474 6634
1955 3389
7237 2800
7743 1854
81 3953
4247 8967
2201 7265
8889 8631
6962 5241
562 986
7242 1619
5293 3181
450 7743
9794 6121
5791 4686
551 3427
1237 2786
7799 4811
8353 419
8880 7377
137 5915
2064 5337
1314 8477
7425 2029
4811 2932
3524 7181
4771 7132
3394 6274
4176 1063
3249 4498
9822 9355
3327 81
7382 9413
6662 9071
4779 306
4727 5705
7758 6158
2800 5170
4686 1950
7569 4038
9129 4509
5229 7105
107 1725
306 2408
4330 9581
2736 4094
5612 2168
9371 9864
5241 4176
3882 7249
5705 7809
7553 8145
8389 2617
2568 1480
2029 6677
1480 4791
9581 8252
8464 7382
5579 7425
9049 4826
475 1314
5188 1914
6556 6617
6584 9497
5170 1730
6202 137
7287 8362
9355 5791
9730 7237
7928 3900
5165 4202
8252 809
5001 4251
1185 4313
8753 4113
2168 3882
1926 1419
2352 1823
715 5612
6158 5797
7919 2705
6226 3950
5337 8030
6465 6804
651 2877
5970 7143
4141 6962
6208 7777
2093 5322
1554 9730
2895 3480
1387 3233
3181 4507
3800 4597
3427 4110
4005 2093
4507 450
4122 9543
3950 6370
146 2024
4498 6599
8556 9794
4370 4727
9769 5522
6370 7447
5186 6080
1856 8526
3794 475
6421 1237
3684 7799
3210 9522
2877 9930
2366 7287
7143 8464
9864 4779
1672 7323
419 3336
8967 5229
4251 5956
1176 229
6668 5508
734 7062
6458 1838
4202 6682
1838 4370
5956 2694
1209 2344
7393 2895
6398 7033
411 8455
253 8389
5401 4019
1063 7569
699 9731
1802 562
9930 3210
6738 734
7105 9371
8145 7401
5442 7919
7616 6581
7323 4471
9543 253
6682 2064
2705 7616
4402 6421
6174 4247
229 6208
6164 5895
2636 7758
