165 131 22186
433 71
44 370
452 247
297 83
448 435
163 26
106 333
252 439
10 169
170 471
175 442
2 437
374 379
107 325
155 18
20 289
162 270
13 20
437 243
361 431
134 260
203 37
337 374
416 188
110 238
100 182
464 329
426 312
40 131
24 476
485 84
355 403
378 434
100 176
21 338
311 217
13 456
249 237
453 264
419 81
434 369
367 176
113 57
221 212
235 17
385 37
28 425
324 115
286 422
311 429
234 18
238 444
382 413
351 42
435 326
199 490
485 228
191 1
496 250
73 53
109 152
166 188
426 407
389 486
423 458
98 490
359 168
248 307
65 339
134 234
189 52
496 257
421 155
197 284
372 359
121 14
397 495
311 307
367 26
247 496
228 433
368 65
344 238
432 116
426 340
324 451
132 91
84 450
214 315
146 382
142 378
497 351
343 431
267 79
360 183
362 39
294 207
8 472
410 129
162 144
294 478
16 41
152 499
128 284
327 290
430 185
101 322
446 315
249 89
238 300
474 24
470 458
449 155
230 208
90 464
132 75
197 422
392 105
103 31
104 98
370 436
200 255
228 303
288 262
480 228
38 324
369 73
196 133
100 349
66 107
5 134
61 53
360 489
159 304
9 131
403 259
272 286
287 160
71 358
422 54
475 414
72 477
372 204
110 138
214 68
80 455
267 116
394 270
318 306
113 103
268 436
71 390
116 111
441 92
360 215
50 102
295 213
262 472
494 225
431 28
85 312
470 326
207 230
30 52
178 94
20 101
92 99
159 35
136 77
120 48
68 20
53 146
14 130
134 1
38 147
108 55
78 69
143 60
19 68
146 30
125 49
11 85
155 152
4 107
17 135
121 40
87 2
55 162
149 5
22 139
64 114
45 84
140 64
154 161
88 14
90 143
72 88
23 116
18 38
151 124
28 6
37 136
162 45
89 157
144 39
1 154
83 118
3 129
82 117
50 67
12 127
163 27
99 155
69 32
101 81
60 34
85 140
75 98
42 105
76 163
129 119
118 142
150 7
131 58
115 121
27 57
124 90
63 87
40 149
7 74
152 134
54 151
44 56
66 112
157 123
56 66
2 145
21 9
123 72
31 36
5 22
97 42
73 89
65 33
35 144
106 23
84 138
160 31
32 51
114 131
137 75
8 126
36 29
67 54
30 44
9 17
29 73
6 15
127 21
49 13
139 12
133 19
142 8
156 100
126 94
74 53
132 120
116 28
57 156
161 153
145 82
43 3
135 128
153 76
81 43
138 92
94 125
58 159
98 65
128 4
117 103
100 106
13 50
39 63
48 37
103 115
33 133
130 78
107 137
119 160
112 108
15 18
77 83
147 132
34 97
51 150
