426 354 102622
294 474
260 101
54 237
333 165
438 104
373 310
382 445
227 98
65 439
275 359
172 96
287 118
249 79
354 240
427 257
305 122
381 304
39 27
324 260
355 202
199 22
412 143
34 233
473 35
242 10
363 311
443 217
238 410
461 29
115 200
329 156
333 195
23 113
489 96
135 1
129 351
427 7
396 362
101 177
82 70
299 409
334 418
285 184
289 392
259 383
168 126
108 300
207 144
240 85
409 85
234 328
271 117
435 341
32 398
274 250
295 283
188 419
236 18
391 53
397 26
489 432
253 279
273 209
88 396
145 321
497 136
113 194
244 346
15 402
449 42
489 276
241 311
388 300
159 201
397 369
123 355
121 135
72 105
34 380
184 435
157 193
490 402
278 53
232 132
453 430
118 378
381 80
131 226
252 317
493 176
160 475
418 447
379 301
407 292
196 288
154 65
67 64
132 491
81 12
67 378
313 455
282 295
67 189
451 409
277 226
215 496
30 328
100 491
19 388
499 22
270 141
350 22
124 320
249 402
320 278
120 189
227 284
78 170
75 213
190 458
439 62
253 113
481 115
320 216
101 328
49 337
395 316
498 413
324 421
259 301
161 126
483 55
350 189
235 202
442 293
411 183
63 25
5 175
236 228
265 339
337 94
453 401
479 14
356 420
296 482
423 235
394 154
213 437
226 323
303 296
415 343
407 184
389 79
157 393
499 492
243 104
272 376
80 263
279 460
470 484
498 345
276 252
408 374
46 454
422 48
18 150
388 180
364 285
320 42
214 282
494 105
11 392
93 98
294 425
339 452
428 403
71 250
352 136
287 404
8 406
238 262
135 432
233 429
17 330
115 34
349 325
19 328
289 341
150 414
94 160
129 159
84 147
100 381
50 436
313 167
35 76
238 68
313 166
129 499
467 455
9 375
312 427
15 221
415 375
106 427
212 345
293 157
202 219
380 277
54 216
200 165
359 130
95 298
432 169
128 186
185 243
374 390
345 405
323 351
228 82
371 255
367 250
321 263
3 499
334 347
496 187
144 231
478 317
475 302
496 38
437 333
447 437
459 160
338 175
260 374
218 231
300 66
149 54
466 487
466 10
231 379
29 257
136 418
437 283
63 418
495 495
353 497
61 375
154 400
220 304
125 260
329 169
58 403
440 326
147 218
292 149
460 118
130 211
400 311
9 106
224 191
470 115
1 74
404 13
396 98
341 78
49 266
106 348
301 81
20 268
395 371
179 107
371 111
435 282
325 466
230 197
148 372
132 88
393 169
258 470
54 207
323 109
439 107
445 3
378 70
249 352
357 222
17 277
417 486
290 302
258 105
229 117
41 423
81 471
376 272
195 10
270 307
152 256
116 8
480 198
286 70
30 308
58 413
455 148
442 449
495 124
71 343
223 191
47 265
317 384
118 464
469 2
421 386
496 187
411 369
356 47
144 65
490 366
213 100
230 104
240 23
451 129
376 229
110 248
484 23
193 355
367 91
308 369
211 348
414 149
58 304
128 130
239 319
216 25
20 361
381 300
332 75
309 197
141 147
152 486
330 316
152 438
114 477
94 166
188 168
250 167
132 193
86 14
462 400
222 445
291 129
212 196
443 81
306 3
451 134
11 317
186 216
46 280
49 298
347 307
206 217
264 448
182 284
162 142
332 144
171 452
228 372
416 375
335 92
414 340
435 123
393 385
43 343
325 234
413 28
478 249
184 319
445 257
150 232
441 350
129 254
337 101
231 183
383 15
14 398
267 426
468 358
209 474
228 306
387 244
274 50
101 103
108 366
273 454
281 179
122 246
207 381
146 195
151 283
127 29
378 104
269 418
74 327
91 299
294 232
77 116
172 400
60 198
160 410
328 357
266 28
408 318
75 203
273 414
369 60
414 331
40 485
339 497
409 135
194 449
137 242
400 313
380 333
178 493
99 146
216 1
354 242
133 235
112 292
422 67
362 317
215 417
159 387
266 396
263 288
89 183
382 340
141 148
63 147
216 163
393 145
4 397
225 192
170 287
139 315
340 10
272 131
161 334
190 111
26 265
267 374
29 166
375 291
351 57
273 327
224 394
364 344
366 274
369 195
398 225
379 370
371 308
62 3
426 79
96 349
1 130
385 383
31 110
57 101
384 56
256 203
345 47
264 392
102 35
218 178
232 162
237 295
188 89
28 117
192 128
317 86
162 93
87 199
415 103
321 160
336 254
404 239
81 96
203 211
316 6
359 376
164 44
12 240
331 372
114 135
204 81
347 127
260 118
110 115
217 170
195 42
27 157
156 20
230 384
47 213
244 212
83 300
312 284
46 181
43 328
240 296
85 137
297 395
106 398
208 366
183 43
197 365
127 343
44 174
9 406
175 219
339 14
394 326
290 16
276 143
367 297
97 414
61 402
117 279
23 201
199 159
368 180
93 330
113 390
14 316
349 400
296 403
211 270
55 358
363 373
137 263
90 226
80 256
383 152
101 25
201 51
143 249
172 421
270 380
56 172
207 361
116 331
301 411
406 351
253 197
65 114
353 345
95 26
37 169
151 362
373 168
20 46
343 322
365 329
236 39
358 309
169 385
235 336
258 100
79 354
299 125
283 87
279 8
234 393
315 266
213 54
280 141
229 307
182 167
64 208
69 182
223 338
320 27
50 257
138 189
374 325
357 5
53 30
39 53
121 23
305 90
257 13
300 399
66 223
281 379
179 59
328 62
275 24
59 144
152 155
71 233
325 91
147 404
214 1
307 422
360 97
287 342
13 209
30 224
378 275
239 350
278 357
150 132
392 154
171 177
42 416
86 64
387 298
142 38
186 17
248 214
88 49
104 364
17 205
128 368
174 188
344 260
411 259
15 252
189 184
68 386
103 290
408 161
361 250
322 389
122 33
376 175
306 82
338 50
209 12
38 304
157 356
265 248
132 94
126 371
160 382
318 156
144 31
352 415
397 116
254 318
21 408
210 359
414 109
304 367
194 171
91 412
115 124
180 244
8 133
391 73
292 341
285 88
135 69
284 104
24 142
145 268
54 102
51 378
78 285
395 220
212 283
129 276
120 217
193 123
250 413
154 190
341 352
124 193
22 210
298 363
125 48
386 337
48 280
252 179
205 222
67 9
196 272
314 28
302 410
389 77
16 121
5 4
313 191
131 176
330 139
140 173
109 305
356 273
73 22
185 369
309 106
337 278
222 150
380 301
274 339
405 120
390 52
35 200
268 65
262 267
187 262
191 21
148 85
259 187
25 186
111 360
166 353
176 185
412 95
173 320
377 66
118 113
308 230
100 313
327 312
3 405
82 55
288 401
77 281
6 237
52 218
33 229
291 314
255 194
220 306
184 78
168 236
49 418
41 375
399 126
181 216
155 151
178 377
410 71
163 15
249 29
342 196
329 234
134 302
417 258
294 134
231 215
416 138
425 294
401 204
400 425
119 37
334 321
418 347
403 264
402 112
295 391
219 426
421 119
370 68
177 207
130 299
94 41
326 63
372 61
10 83
200 253
167 140
242 80
350 255
226 164
396 122
123 231
413 232
