2668 27 654353
345 173
2 100
67 495
65 57
101 280
168 330
450 204
153 479
83 427
235 217
490 55
394 321
75 123
202 365
421 305
173 30
441 248
84 93
410 85
343 229
10 287
385 240
360 209
369 263
403 217
45 91
174 422
281 318
475 294
68 387
62 303
177 498
459 313
249 429
221 15
43 308
464 351
197 236
386 361
499 118
111 40
301 298
308 64
80 261
471 380
136 134
130 162
353 64
1 16
292 227
314 458
13 281
53 484
116 40
162 496
481 454
472 343
306 287
95 259
268 471
235 258
391 379
327 422
5 79
47 459
112 123
225 191
276 482
167 109
378 387
198 176
411 19
245 380
470 99
224 311
260 351
445 387
196 184
397 183
269 352
51 248
241 224
261 80
392 490
148 366
428 354
179 461
436 215
29 462
367 442
122 74
270 353
119 409
221 144
437 16
267 34
93 277
314 448
82 240
68 210
209 413
131 416
66 98
9 8
25 227
294 151
121 275
456 435
262 91
138 387
193 233
125 114
457 60
445 397
48 146
406 460
276 397
348 96
332 176
61 80
457 229
38 47
489 256
64 124
30 254
159 423
439 187
437 84
488 414
111 317
250 53
163 212
464 328
257 88
84 194
332 452
224 263
172 210
374 325
46 460
123 14
483 358
81 80
76 14
37 460
234 372
170 319
318 101
83 337
454 132
264 430
310 484
253 330
270 178
25 60
28 127
5 380
227 210
420 489
146 248
450 444
362 405
70 225
236 424
90 232
397 318
150 447
93 358
268 418
153 101
37 16
423 161
406 390
217 4
286 13
359 358
88 234
248 9
310 403
217 476
435 274
85 337
355 371
104 176
359 237
93 231
15 4
324 249
53 365
332 314
338 414
391 28
120 42
116 59
153 8
212 161
463 156
6 185
42 388
40 230
361 49
187 234
102 56
203 57
102 481
254 446
61 268
304 329
162 492
474 149
499 441
436 432
151 495
243 432
299 4
187 332
235 99
411 200
460 252
209 35
307 119
471 106
377 434
211 21
257 345
178 387
331 299
474 340
225 154
482 135
490 496
99 291
192 458
320 380
32 478
310 373
58 139
381 212
70 467
466 221
215 192
300 152
154 115
459 176
83 262
313 375
377 189
121 154
88 252
256 7
445 411
30 436
420 223
330 63
444 37
75 105
120 196
478 339
401 393
338 119
213 345
305 198
110 299
341 442
424 421
452 250
250 215
310 168
65 468
388 217
127 470
381 57
410 383
103 303
425 23
483 145
166 153
124 441
66 66
105 96
442 374
167 357
494 57
168 23
430 1
127 300
32 160
3 308
174 469
118 7
84 3
189 263
444 275
2 462
472 279
469 103
152 26
440 63
59 143
378 192
290 435
310 448
37 206
242 46
48 156
473 96
483 146
307 414
206 482
446 443
25 207
303 476
180 23
286 236
296 326
409 25
23 226
273 256
393 246
99 121
385 195
388 450
332 196
368 387
118 417
496 58
497 284
466 121
129 435
14 482
217 98
468 218
438 483
271 249
468 411
305 403
159 274
328 136
430 347
328 219
212 198
34 361
19 141
81 428
299 97
163 273
485 190
151 393
2 210
268 311
106 421
490 44
403 402
142 106
203 58
83 458
411 281
89 344
142 322
485 368
55 270
261 257
492 87
348 157
142 59
326 127
5 270
353 75
366 19
107 310
208 17
417 288
207 32
130 223
420 175
467 464
60 138
369 154
306 348
117 452
222 436
421 302
117 43
16 15
395 39
81 254
469 400
124 69
412 395
283 150
372 441
269 268
130 21
478 250
24 12
244 54
137 430
195 152
115 395
441 62
206 115
275 249
460 361
284 17
260 289
298 20
413 152
173 224
302 243
478 79
221 273
1 258
383 335
462 236
415 424
268 31
314 403
209 380
405 288
182 472
169 134
62 82
324 175
32 477
455 451
283 229
146 203
454 475
115 251
174 83
310 211
498 181
24 484
323 142
142 373
498 147
427 192
24 247
287 170
87 58
341 134
353 15
490 269
230 52
364 110
220 335
406 122
12 219
262 183
341 168
338 241
305 157
285 176
125 23
351 19
349 149
70 206
337 208
450 484
442 85
73 289
485 214
99 84
117 90
420 319
403 198
190 298
221 370
27 284
189 392
249 115
492 141
481 341
182 327
146 71
97 144
58 271
230 212
227 169
248 161
427 125
464 409
100 76
60 337
377 61
311 285
394 449
356 147
386 357
296 232
454 398
200 177
384 55
132 167
118 48
68 54
274 270
344 421
338 143
141 78
267 470
457 206
422 393
489 218
137 409
111 382
154 288
444 452
414 464
211 91
76 310
135 449
20 472
424 474
341 471
43 299
246 310
67 491
399 125
134 37
210 343
193 216
92 267
187 184
357 394
157 385
29 282
299 198
18 338
219 183
71 483
392 388
41 306
387 471
146 412
403 357
140 133
302 166
471 219
409 204
35 474
199 152
268 390
438 136
475 67
86 406
313 182
160 282
469 233
185 100
177 60
12 210
337 26
324 88
300 439
267 169
150 241
100 105
141 392
358 288
243 457
197 87
452 223
312 159
442 53
190 377
434 78
421 61
134 361
456 265
421 489
492 70
162 370
350 330
448 287
395 188
142 116
241 441
49 109
71 269
142 154
201 171
240 80
167 427
375 465
358 203
169 80
354 311
264 131
32 439
107 256
138 97
121 333
276 469
102 208
409 52
107 326
70 105
20 447
60 368
478 193
94 429
254 139
86 415
289 458
257 238
389 280
452 182
323 424
287 27
270 164
415 373
327 25
324 365
118 196
356 205
196 318
305 69
491 103
298 245
287 357
230 219
91 472
119 73
14 100
389 140
215 158
451 160
305 57
267 315
384 441
443 366
333 464
471 447
315 488
414 12
189 348
436 249
3 191
411 456
222 317
181 51
243 314
10 31
323 259
266 292
457 300
34 41
369 380
230 297
82 102
359 8
64 216
50 153
27 273
286 40
322 98
280 415
164 419
118 33
469 35
181 275
410 38
317 453
275 100
336 114
322 320
404 137
371 400
272 99
34 161
320 467
149 79
473 112
346 440
73 243
456 477
237 78
227 394
401 122
406 149
96 344
482 364
455 39
475 145
68 122
197 27
11 56
94 190
60 468
396 11
54 475
441 497
19 132
482 134
303 345
153 299
52 416
109 446
254 391
279 446
224 191
69 418
336 21
179 379
36 406
122 456
318 494
149 137
380 31
36 267
120 401
207 51
72 217
38 375
442 370
454 280
277 167
149 136
472 451
70 90
313 376
175 483
90 387
351 425
5 49
91 426
418 135
415 368
100 92
389 352
252 248
206 381
61 114
288 171
140 495
124 459
31 367
227 397
105 412
233 246
341 284
467 11
260 55
91 443
353 233
75 155
258 335
163 101
434 334
152 249
371 284
147 333
55 386
373 153
209 333
39 49
178 429
393 7
453 464
334 173
150 271
270 233
5 493
347 421
241 333
272 453
109 181
377 404
458 178
473 437
435 379
100 213
22 313
141 427
74 473
23 124
170 335
4 360
272 386
269 476
426 247
462 126
285 399
234 55
6 25
410 411
300 499
66 6
330 417
306 391
388 234
38 198
151 268
368 247
178 385
454 1
243 309
118 491
356 224
229 42
474 197
281 108
291 184
374 237
150 6
336 292
240 443
423 85
243 388
294 49
343 281
299 47
451 303
357 382
304 87
176 480
95 403
169 352
275 76
85 447
397 442
374 288
56 36
453 384
185 53
332 56
72 413
53 229
190 88
17 499
33 280
446 271
461 54
299 94
315 449
395 120
303 105
140 47
217 31
296 254
488 172
292 13
273 24
385 38
247 344
244 226
243 388
169 389
334 304
296 211
342 239
304 289
42 174
381 27
376 64
341 302
322 274
151 324
478 328
476 238
72 212
485 243
155 406
68 24
265 374
280 157
437 66
293 52
256 188
292 498
160 439
91 454
278 272
424 127
68 408
393 65
134 311
117 381
15 311
497 184
135 377
10 289
75 449
86 375
395 347
277 28
39 428
35 301
2 25
232 316
358 426
100 146
415 4
26 310
468 472
417 405
115 297
266 252
231 321
31 34
101 384
114 339
315 254
278 14
76 468
21 103
415 25
455 483
431 171
425 217
159 126
168 127
451 149
31 456
8 407
44 407
366 341
399 227
345 483
223 143
434 492
344 221
154 178
211 80
206 485
294 107
353 138
340 210
224 259
225 159
97 459
89 450
236 490
344 478
188 257
107 20
210 297
271 163
9 472
360 35
293 185
140 229
154 229
11 250
338 303
435 93
454 430
68 404
498 8
187 94
62 93
103 231
3 335
51 228
388 313
202 179
72 370
220 252
339 184
96 460
192 399
314 50
173 429
333 283
331 347
92 292
43 72
376 479
76 327
373 17
457 100
59 227
388 324
203 297
180 411
389 428
57 163
104 139
55 323
269 251
293 173
31 388
325 134
48 250
362 155
166 203
158 299
296 251
465 327
84 109
339 41
53 468
339 363
261 293
22 471
400 56
499 165
446 267
327 467
156 499
312 462
53 412
118 349
119 294
67 310
486 353
242 341
396 394
341 225
483 9
476 35
128 383
112 86
263 230
17 208
195 284
368 246
489 89
465 446
417 296
492 229
276 487
247 188
425 49
330 154
94 239
205 335
101 185
372 225
309 343
475 154
147 470
353 366
190 163
305 299
27 199
243 473
64 477
417 454
483 386
284 54
57 142
347 257
158 4
300 454
1 16
208 457
270 158
131 152
484 409
270 432
57 247
387 242
270 345
310 330
287 411
6 294
162 29
447 181
338 221
407 62
29 210
219 110
269 227
189 176
253 106
192 240
311 289
316 471
15 179
289 466
154 115
243 117
477 407
29 48
273 436
263 255
124 421
92 472
295 129
221 76
491 420
264 7
363 373
328 272
457 384
12 162
275 471
76 251
147 55
498 461
52 188
172 105
309 354
111 219
92 450
94 135
404 199
182 188
366 152
455 155
241 209
128 108
123 26
199 70
33 491
390 179
100 277
236 158
149 429
287 394
58 427
351 136
111 268
417 106
25 113
360 90
350 376
59 49
103 45
14 51
476 157
166 72
337 238
85 295
3 428
409 292
381 175
50 445
257 383
333 465
46 492
25 422
11 67
79 274
15 252
159 13
4 187
209 341
256 466
73 261
236 470
498 323
262 352
466 329
143 77
93 145
284 310
207 218
76 305
296 249
297 377
147 92
156 125
81 95
391 396
35 470
148 37
256 81
86 177
317 442
428 24
259 96
282 132
107 134
151 104
13 228
37 10
60 485
70 387
101 297
158 37
250 322
356 109
107 185
157 295
307 67
68 80
84 56
148 335
68 345
425 27
356 42
8 350
76 373
464 413
57 438
156 335
140 425
371 430
475 459
50 160
134 148
346 167
424 154
274 310
435 432
375 10
374 156
46 415
407 24
451 113
28 431
405 289
407 386
195 75
360 135
416 431
431 199
83 75
230 224
435 248
161 144
226 405
297 444
85 290
449 494
21 87
240 106
32 392
156 433
394 337
281 5
447 71
314 187
26 323
152 112
25 94
116 95
338 350
337 201
78 97
348 399
74 363
141 118
237 304
308 319
126 483
82 287
12 374
392 257
481 81
176 186
389 60
455 67
362 359
452 359
474 214
378 193
420 65
424 339
322 169
475 295
5 455
264 320
174 348
452 391
90 471
210 477
221 341
77 202
14 135
137 499
277 405
482 33
112 114
40 245
232 228
421 388
47 148
57 331
113 18
432 71
166 293
46 247
349 267
411 355
299 362
316 1
406 24
355 44
199 224
255 93
350 467
269 412
48 484
312 482
124 337
48 68
13 153
322 334
363 263
405 391
191 336
159 191
108 461
133 175
127 290
367 5
83 164
495 45
386 406
269 95
36 382
46 190
197 71
337 442
451 258
2 297
204 255
193 289
413 248
296 287
419 246
56 412
475 314
157 455
371 319
105 29
440 12
456 273
187 96
277 58
451 213
88 337
225 91
153 280
292 472
410 482
134 38
111 122
274 478
197 460
314 466
293 439
378 199
112 478
344 400
279 65
238 131
4 444
210 103
424 383
425 487
257 64
490 112
122 389
432 149
475 224
370 422
258 148
3 467
10 217
417 219
439 419
95 395
136 16
232 67
283 206
12 494
232 450
224 165
337 462
416 77
386 35
436 191
351 232
180 469
368 337
231 487
204 311
177 116
86 325
5 470
496 220
50 300
426 214
357 314
489 364
114 238
377 196
230 22
124 230
119 62
94 315
36 105
398 400
288 348
442 389
389 258
222 375
421 3
396 380
207 384
71 180
312 128
342 155
138 213
326 485
56 189
308 359
366 185
278 281
131 227
346 112
264 9
331 350
334 346
439 355
220 59
382 379
244 149
51 20
291 37
152 426
276 265
45 197
389 193
218 390
298 82
260 445
499 244
299 87
286 333
446 223
181 307
458 264
350 49
455 224
54 288
35 115
13 267
8 150
16 183
327 483
353 296
200 297
143 40
208 353
406 449
249 82
140 320
49 323
378 419
362 393
278 305
175 432
147 21
408 60
84 43
342 456
20 7
312 292
230 85
335 254
425 211
353 156
369 296
126 44
284 127
379 71
218 7
123 416
72 350
353 45
257 417
120 127
175 304
183 274
32 485
323 77
394 134
395 179
374 58
21 330
351 7
299 265
204 88
167 411
297 359
497 86
173 438
224 274
466 433
249 261
412 171
471 378
190 102
94 1
147 429
38 108
57 122
108 412
25 154
372 367
399 188
269 152
202 331
477 277
361 151
136 382
143 291
106 294
407 170
62 338
354 328
455 372
368 343
295 116
216 17
164 253
373 131
463 290
311 459
17 146
176 429
47 393
439 268
460 103
310 234
129 422
462 104
313 156
444 222
18 372
389 141
459 22
81 484
447 164
459 330
418 403
238 89
388 443
9 136
153 461
73 262
312 425
388 41
382 171
400 84
282 493
42 436
262 68
158 107
427 57
417 379
439 483
86 268
135 283
259 420
209 324
231 352
419 187
234 183
139 112
425 404
464 417
433 259
53 319
321 466
96 486
150 264
192 58
420 461
454 489
148 219
164 160
199 214
184 304
187 188
68 353
110 460
119 372
492 499
379 101
203 300
53 199
350 349
296 65
459 329
195 386
436 129
426 355
284 489
475 125
391 300
492 296
142 470
395 369
409 320
319 459
293 465
130 312
198 462
37 55
270 427
371 373
319 80
160 83
102 445
491 107
188 169
254 283
315 352
336 132
457 288
121 85
338 246
72 274
10 474
261 16
50 419
317 10
460 484
258 225
153 179
336 246
190 487
225 244
376 34
443 289
264 245
275 215
396 163
13 141
391 203
340 92
445 206
301 99
97 38
480 327
365 112
253 494
264 262
445 145
135 167
34 206
295 442
333 208
387 438
288 400
14 198
199 401
183 265
356 422
87 478
151 466
184 130
30 21
315 465
135 482
318 262
181 157
463 43
278 293
221 62
147 496
450 376
420 100
215 244
302 147
214 359
483 57
315 201
194 373
18 203
427 445
89 84
375 214
248 373
336 32
28 200
240 463
468 94
356 12
478 249
210 26
250 286
7 181
270 129
160 120
292 351
297 153
333 126
70 448
211 180
212 429
478 288
310 106
397 32
238 65
292 91
54 167
142 441
221 21
235 397
146 378
374 248
2 305
420 406
348 37
27 389
389 141
471 343
477 190
207 73
242 368
438 440
53 430
18 72
370 418
79 53
408 360
466 91
69 409
468 430
254 200
214 495
191 162
165 130
92 492
113 99
58 101
307 18
3 179
174 57
105 78
471 345
472 103
206 115
317 126
198 324
367 183
243 129
258 10
495 26
492 304
421 481
373 220
137 408
167 495
465 171
135 169
468 314
183 344
219 80
309 263
130 173
97 131
15 475
399 54
446 28
93 263
383 474
232 138
15 59
467 436
465 494
208 38
111 473
229 458
284 360
211 327
249 402
417 239
488 251
381 265
102 182
394 52
487 194
266 242
300 148
215 244
156 69
382 120
258 296
149 291
405 97
80 266
123 85
207 308
448 236
212 427
167 6
27 141
435 238
19 234
168 450
257 192
379 277
87 387
62 111
335 389
127 498
436 408
366 72
80 281
410 67
14 423
368 487
465 115
210 371
346 471
270 185
149 213
294 129
32 196
82 378
190 349
238 331
412 418
428 38
232 134
126 468
281 202
273 55
484 210
9 246
104 132
41 489
97 127
183 185
273 100
199 369
253 7
103 144
123 366
348 428
127 374
284 450
443 393
393 497
262 129
243 294
241 268
35 244
313 302
117 111
375 62
427 298
287 424
231 30
353 40
479 171
340 496
347 343
171 415
237 205
470 23
411 98
454 128
7 376
310 326
323 392
261 96
295 41
458 73
140 279
265 452
156 214
58 52
314 167
498 277
417 181
163 197
292 211
392 473
450 228
397 47
376 237
63 136
18 11
477 495
410 478
463 24
56 490
401 211
491 362
86 124
107 198
38 423
12 47
315 21
410 390
98 283
332 37
176 227
69 351
446 402
472 424
233 149
152 155
207 239
249 68
456 196
43 17
353 318
134 294
126 188
139 292
34 106
83 86
374 25
346 456
295 23
432 410
357 312
295 22
349 256
497 139
445 397
274 484
127 215
380 478
341 215
355 76
481 68
434 352
343 298
416 265
238 191
333 217
297 138
70 231
230 447
350 27
147 28
308 217
39 72
14 464
266 266
117 9
226 214
213 81
158 12
295 14
229 149
89 285
1 179
196 351
82 229
371 494
240 165
125 444
121 63
182 304
112 174
170 384
60 97
140 169
495 264
3 26
120 158
92 41
363 430
48 103
355 213
171 39
438 180
166 467
321 285
18 2
136 117
276 316
441 108
52 260
481 227
379 308
69 277
374 177
382 345
211 288
359 251
438 229
23 87
417 335
425 288
349 496
497 132
460 206
459 437
370 10
82 473
163 293
95 363
462 131
320 81
173 92
405 107
50 295
56 41
224 188
277 257
364 238
217 447
401 174
410 373
354 419
154 158
397 372
354 470
25 139
299 484
113 286
98 417
70 235
246 20
264 162
497 352
110 455
233 197
233 87
2 291
403 79
419 350
74 360
63 440
288 80
146 90
330 122
307 93
201 38
128 413
435 285
97 447
15 207
364 35
429 42
451 26
158 222
222 495
4 300
411 12
68 135
54 383
444 50
105 379
192 490
11 410
334 71
466 73
234 97
25 474
65 255
66 231
410 1
84 471
108 225
273 480
306 437
297 68
109 458
211 67
119 331
282 418
422 430
392 119
25 485
46 172
100 364
89 457
219 436
492 321
99 152
179 143
122 442
213 267
342 495
366 313
346 124
116 344
430 301
309 426
238 229
461 259
407 153
162 303
277 58
330 122
40 167
391 238
479 439
213 18
73 247
194 54
79 89
203 152
5 209
398 199
490 84
155 447
35 123
496 54
38 77
321 43
258 184
226 301
314 8
104 398
414 53
231 363
447 164
301 199
385 232
499 353
113 273
85 345
276 449
487 475
459 372
193 467
386 316
3 134
257 100
132 61
404 137
259 488
135 339
238 462
342 321
152 26
202 474
89 128
342 481
110 64
94 384
8 257
436 130
375 470
37 125
425 20
314 300
267 209
56 51
420 397
379 291
157 337
402 152
167 363
317 270
134 277
238 170
95 123
87 339
331 319
22 297
18 377
282 421
182 210
325 181
268 71
250 29
335 322
470 93
195 477
483 54
117 59
464 440
249 22
413 85
436 99
332 302
382 65
418 218
304 197
461 317
223 399
282 332
259 464
11 456
214 59
254 254
324 217
267 212
168 238
418 484
198 68
395 142
317 167
10 461
162 28
468 41
144 435
219 465
119 367
423 421
149 475
251 334
155 412
317 130
93 178
159 236
142 157
37 1
360 189
71 216
238 345
293 253
301 149
162 498
108 145
158 352
186 126
173 492
499 242
253 276
410 400
460 491
359 434
129 155
121 88
58 49
10 446
436 441
142 299
328 232
270 198
239 108
286 220
471 126
162 21
264 376
295 108
418 400
98 249
79 489
338 204
271 398
223 383
240 281
411 70
132 16
330 305
116 253
4 185
136 20
307 465
417 105
7 467
369 147
235 222
54 402
216 342
394 146
85 17
456 158
364 336
302 349
389 273
170 49
125 221
10 198
168 243
474 175
205 498
303 158
110 350
425 75
407 336
46 176
480 398
314 83
178 53
253 120
456 440
175 143
13 327
5 369
8 86
290 34
32 163
227 12
208 43
248 458
24 489
355 146
471 475
333 97
204 359
293 215
359 474
229 367
420 213
213 161
444 352
112 428
196 304
176 252
241 440
483 223
91 491
418 176
105 83
237 224
52 126
452 339
222 28
17 215
268 7
315 28
81 164
184 293
235 423
463 203
463 37
428 46
49 345
430 75
274 213
43 361
317 52
484 125
303 40
387 170
450 4
243 204
304 182
259 133
349 173
91 434
479 469
273 420
5 25
454 479
171 232
499 150
438 136
157 185
469 99
251 422
109 59
30 117
235 271
479 21
261 111
462 208
356 173
211 468
198 415
498 113
132 119
471 458
474 1
177 339
72 304
420 253
284 482
25 400
472 108
158 364
115 230
451 149
292 251
253 67
223 126
334 258
158 274
381 466
70 332
143 170
312 362
422 348
128 271
428 440
30 337
19 446
329 309
440 104
408 421
292 102
31 491
95 24
398 370
143 334
251 122
452 477
39 432
401 313
162 116
401 146
182 10
45 186
431 49
114 156
261 336
382 222
244 200
115 26
423 131
142 258
270 334
444 271
366 415
18 354
343 177
143 129
135 39
346 297
257 8
247 387
27 449
14 100
115 492
108 397
356 91
429 199
238 390
159 4
302 466
480 132
103 487
414 265
242 383
302 35
466 60
448 388
434 260
33 475
119 329
491 178
108 172
257 492
417 207
311 421
89 346
44 441
345 465
339 355
168 336
456 78
244 409
328 436
197 208
382 20
214 217
79 366
66 348
195 280
459 305
361 264
387 470
231 233
360 368
334 267
237 253
223 180
467 286
487 467
243 262
9 209
12 73
387 439
226 333
268 53
407 243
374 280
240 187
429 402
336 386
174 260
415 297
256 272
336 451
334 83
49 327
276 456
239 175
425 287
68 69
335 70
308 159
273 138
108 389
325 334
199 100
338 335
370 246
462 2
462 108
111 225
446 9
102 100
279 291
132 334
425 339
440 80
253 200
344 102
121 41
440 492
22 333
268 211
353 163
435 404
428 378
489 40
380 97
469 493
317 481
354 203
423 254
480 54
73 478
411 63
384 328
78 35
264 453
339 326
191 463
113 2
178 323
253 462
429 414
94 22
17 227
80 179
44 112
471 483
237 174
394 228
16 263
414 448
222 338
279 129
149 275
74 336
483 267
99 239
258 231
316 404
268 411
223 373
101 144
428 81
228 348
33 359
449 367
257 239
388 30
254 246
468 479
111 440
398 271
425 420
278 16
311 265
6 223
275 114
291 399
345 386
433 220
491 251
310 154
374 264
87 441
257 437
269 166
427 395
238 126
75 424
286 460
291 42
82 304
202 229
156 403
138 369
257 483
379 405
125 444
218 371
276 496
301 313
100 411
396 114
1 90
100 147
340 259
375 50
241 471
443 361
105 68
179 273
482 201
216 205
350 219
358 454
322 121
241 392
252 497
402 181
88 334
89 94
412 386
483 156
338 343
170 223
239 287
489 269
478 152
133 181
413 466
122 199
239 414
379 193
32 136
79 242
262 175
471 26
55 137
400 149
196 430
373 58
418 243
416 494
270 286
207 208
230 450
23 333
294 304
222 53
61 52
37 269
215 103
256 149
72 45
215 152
251 389
326 272
496 281
183 181
249 300
371 427
281 141
297 340
443 98
49 81
299 132
141 53
25 231
216 494
78 368
424 155
188 166
84 142
383 472
239 172
15 228
334 269
286 110
420 402
384 85
492 97
462 426
328 482
126 169
311 492
315 124
53 135
334 408
498 66
301 114
12 315
115 120
375 76
396 291
250 24
68 64
1223 8
1202 1793
422 447
1228 422
2639 1223
351 2668
2659 874
1992 97
2668 2639
575 1228
264 1466
874 438
2392 1704
858 2392
660 264
8 1202
447 2547
2365 858
2547 660
1585 723
1704 351
1466 1992
2521 543
543 1585
97 2365
1793 2659
438 2521
