361 90 27333
405 337
76 315
422 486
231 165
35 304
18 1
197 254
156 294
321 372
197 134
436 201
405 340
390 246
149 116
232 305
1 354
19 317
70 431
209 455
463 338
358 107
174 457
231 87
130 77
351 189
306 120
401 277
18 20
239 430
175 90
274 432
360 290
169 318
68 202
164 318
243 279
200 215
195 429
270 417
65 21
435 108
77 103
412 83
392 120
320 437
193 198
145 66
52 100
354 135
215 326
110 489
65 431
330 10
203 115
28 180
32 105
207 446
14 107
47 142
452 221
241 368
361 367
48 365
207 362
72 246
435 189
50 207
235 165
462 431
218 405
314 417
237 149
117 460
76 131
399 268
394 318
81 204
64 253
215 65
2 459
154 181
66 63
385 164
294 432
488 420
56 104
155 335
269 430
375 178
126 342
343 339
94 59
408 354
135 6
394 218
467 309
268 403
162 444
213 60
215 45
425 236
126 171
67 216
160 336
103 63
26 356
165 364
64 198
456 294
198 251
488 25
307 83
274 91
295 245
150 183
52 362
325 462
431 276
230 477
20 97
359 139
22 99
92 92
401 111
165 81
218 372
276 139
44 224
49 403
76 493
90 224
393 109
234 425
155 260
327 93
461 247
296 207
87 471
221 396
39 212
382 146
483 348
69 119
152 220
425 142
316 332
321 234
343 446
423 455
35 420
412 363
60 396
124 188
420 324
239 252
280 61
474 126
395 39
73 441
53 288
90 367
287 479
130 51
271 137
54 40
409 234
186 56
292 185
309 50
250 99
251 67
16 138
99 51
131 400
495 57
283 286
156 275
480 308
284 486
400 135
488 394
118 136
44 30
114 406
404 384
222 36
119 61
66 391
401 258
194 383
58 84
118 374
104 341
59 231
470 306
7 379
390 2
270 11
82 320
88 29
124 157
71 87
461 321
109 342
491 193
454 450
468 372
257 394
185 155
320 478
377 6
396 121
418 383
182 408
385 462
392 70
105 184
183 21
476 25
269 68
424 460
329 204
126 123
11 391
413 390
26 352
82 106
143 54
477 492
418 458
497 225
327 58
360 71
445 193
319 306
121 9
173 183
19 293
452 134
244 192
456 167
263 215
50 100
283 359
156 346
262 280
454 85
89 225
486 460
20 462
294 73
385 54
59 450
94 165
138 55
408 413
316 320
210 480
207 118
428 212
309 94
407 239
457 385
277 250
418 122
470 6
236 277
174 78
121 223
383 122
384 141
206 388
20 427
93 268
221 222
459 319
459 90
66 31
59 203
141 473
332 31
394 130
170 355
467 85
11 54
195 329
273 279
494 466
85 116
59 128
480 231
351 17
201 85
117 74
473 367
106 132
271 379
146 397
248 195
212 237
467 270
269 105
17 30
424 435
176 301
158 16
355 283
463 451
125 24
6 394
77 436
385 136
459 164
176 347
6 405
356 76
74 383
449 291
140 478
368 289
306 377
111 209
64 98
494 158
368 153
215 48
310 352
397 280
440 172
97 395
492 316
34 159
60 190
317 340
143 393
487 424
45 233
468 24
311 462
202 437
3 72
427 206
203 290
70 408
291 213
401 109
477 426
212 451
463 288
142 175
30 58
97 338
427 252
230 455
376 253
14 454
172 496
451 406
113 229
421 259
94 334
271 25
47 310
73 96
306 115
250 265
167 44
130 108
169 330
324 5
307 47
134 49
94 132
238 357
150 74
322 129
188 71
310 312
191 325
291 89
190 114
287 22
305 78
78 2
236 185
62 51
88 63
129 81
183 166
51 167
315 326
39 224
44 157
121 70
5 169
49 324
89 304
279 307
2 354
330 269
132 32
274 73
241 322
32 291
304 287
312 148
289 130
320 250
311 246
284 289
166 320
210 9
74 134
26 301
344 124
101 353
354 178
334 315
56 69
22 236
148 94
115 279
229 121
124 79
114 191
224 229
270 271
185 188
69 270
71 241
351 26
9 128
108 39
265 88
269 259
326 238
63 306
301 56
79 305
96 359
178 101
325 183
259 284
357 62
157 351
25 311
353 210
81 150
128 190
246 344
70 274
